35 88
-1 -1 -1 -1 -1 -1 0 -1 -1 -1 -1 -1 -1 0 -1 -1 24 -1 -1 13 -1 -1 -1 -1 -1 -1 -1 -1 -1 -1 -1 -1 21 -1 -1
-1 13 -1 7 -1 0 -1 -1 -1 -1 -1 -1 0 -1 14 -1 -1 -1 -1 -1 -1 -1 -1 -1 -1 -1 -1 -1 -1 5 -1 -1 0 -1 -1
-1 -1 -1 -1 26 -1 -1 -1 -1 -1 -1 -1 26 -1 -1 -1 -1 -1 -1 13 -1 -1 -1 -1 -1 -1 33 -1 -1 -1 -1 -1 16 -1 -1
24 -1 -1 -1 -1 -1 -1 -1 32 5 -1 -1 -1 -1 -1 -1 -1 -1 -1 -1 -1 -1 -1 25 -1 -1 -1 -1 24 15 -1 -1 -1 -1 32
8 -1 -1 24 -1 -1 -1 -1 7 -1 -1 -1 -1 -1 -1 -1 5 -1 1 -1 -1 -1 -1 -1 -1 28 -1 -1 -1 16 -1 -1 5 29 -1
-1 -1 -1 -1 -1 -1 -1 29 -1 -1 24 -1 -1 -1 -1 -1 -1 -1 -1 -1 -1 29 -1 -1 11 -1 -1 14 -1 -1 -1 -1 -1 -1 -1
32 15 -1 30 -1 15 -1 -1 -1 -1 -1 -1 -1 -1 -1 -1 -1 -1 -1 0 -1 -1 32 -1 -1 -1 -1 -1 -1 -1 -1 -1 26 16 -1
-1 -1 -1 -1 4 3 -1 -1 -1 -1 -1 -1 -1 -1 -1 -1 -1 5 -1 0 -1 -1 17 -1 5 -1 -1 -1 15 -1 -1 -1 -1 -1 36
-1 -1 -1 -1 -1 -1 -1 31 -1 -1 24 -1 0 -1 -1 -1 -1 -1 -1 26 -1 -1 -1 -1 -1 -1 18 -1 -1 -1 -1 -1 -1 -1 -1
-1 -1 -1 -1 24 -1 -1 35 -1 -1 -1 24 28 -1 -1 -1 -1 0 -1 -1 -1 0 5 -1 -1 -1 -1 -1 -1 -1 -1 -1 -1 -1 -1
-1 -1 17 -1 -1 -1 -1 -1 -1 -1 -1 -1 -1 -1 -1 -1 -1 -1 -1 -1 -1 -1 28 -1 -1 -1 28 -1 -1 -1 28 -1 -1 -1 -1
-1 -1 -1 -1 0 -1 -1 -1 -1 -1 -1 -1 -1 -1 -1 -1 -1 -1 16 -1 -1 -1 31 -1 -1 -1 -1 36 -1 -1 -1 -1 -1 -1 -1
-1 -1 -1 -1 -1 -1 -1 -1 0 -1 -1 -1 -1 15 -1 -1 -1 -1 -1 16 -1 -1 -1 -1 -1 5 -1 -1 -1 13 -1 -1 -1 -1 -1
-1 -1 -1 -1 0 -1 -1 -1 -1 23 -1 -1 31 -1 -1 -1 -1 -1 9 -1 -1 -1 -1 -1 0 -1 -1 -1 -1 -1 -1 -1 -1 -1 0
-1 -1 0 -1 -1 0 -1 -1 30 -1 -1 -1 -1 -1 24 -1 -1 -1 -1 -1 -1 36 -1 -1 -1 -1 -1 31 25 31 -1 -1 -1 32 20
-1 -1 -1 6 -1 -1 -1 -1 -1 -1 -1 -1 -1 -1 0 -1 13 -1 -1 -1 -1 -1 34 -1 -1 0 -1 -1 -1 -1 -1 -1 -1 -1 -1
-1 -1 -1 -1 19 -1 29 -1 -1 -1 -1 -1 26 -1 -1 -1 -1 -1 18 -1 -1 33 -1 -1 -1 12 -1 -1 -1 16 -1 -1 -1 -1 -1
-1 -1 -1 -1 -1 32 26 -1 -1 -1 11 -1 -1 13 -1 -1 -1 -1 -1 -1 -1 -1 -1 -1 0 -1 -1 35 10 24 24 -1 -1 0 -1
-1 -1 -1 -1 -1 -1 -1 -1 28 -1 -1 -1 13 -1 -1 -1 -1 -1 -1 9 -1 -1 -1 -1 -1 -1 -1 -1 -1 -1 -1 -1 0 -1 -1
-1 -1 -1 -1 -1 -1 -1 -1 -1 35 -1 -1 -1 -1 -1 -1 -1 -1 -1 -1 5 -1 -1 -1 -1 -1 -1 -1 0 -1 -1 -1 -1 -1 -1
-1 19 -1 -1 5 -1 -1 -1 -1 -1 -1 -1 -1 5 0 -1 -1 -1 -1 -1 -1 -1 22 -1 -1 -1 -1 -1 18 20 -1 -1 31 -1 -1
-1 -1 23 -1 -1 -1 -1 -1 -1 -1 26 -1 -1 25 -1 -1 -1 -1 11 -1 -1 0 -1 -1 -1 27 -1 -1 0 -1 -1 -1 0 -1 -1
-1 -1 -1 -1 23 -1 35 -1 0 -1 -1 -1 35 0 5 0 -1 -1 -1 -1 -1 -1 -1 -1 -1 -1 -1 -1 -1 -1 -1 -1 -1 -1 -1
-1 -1 -1 31 -1 -1 32 7 -1 -1 -1 -1 -1 -1 16 -1 0 -1 -1 0 -1 19 23 -1 28 -1 28 -1 -1 -1 6 -1 -1 -1 9
-1 -1 -1 -1 -1 -1 -1 -1 -1 -1 -1 2 -1 -1 -1 -1 -1 0 -1 11 11 -1 -1 16 -1 20 -1 -1 -1 -1 -1 0 -1 -1 -1
0 -1 -1 -1 33 -1 13 -1 -1 5 -1 -1 -1 -1 -1 -1 5 -1 -1 26 -1 35 -1 -1 -1 -1 -1 -1 -1 0 -1 -1 -1 7 -1
-1 21 -1 -1 -1 -1 7 -1 -1 0 -1 -1 -1 -1 -1 -1 -1 16 -1 -1 -1 -1 -1 -1 28 -1 -1 -1 10 -1 -1 0 -1 26 -1
-1 15 -1 -1 -1 -1 7 -1 -1 -1 -1 -1 -1 -1 -1 -1 -1 -1 -1 -1 23 -1 -1 5 -1 -1 -1 -1 -1 9 0 -1 -1 -1 20
-1 -1 -1 -1 -1 -1 -1 -1 -1 -1 20 -1 -1 -1 -1 -1 -1 -1 -1 -1 -1 -1 -1 -1 3 -1 -1 -1 -1 -1 -1 -1 -1 0 -1
-1 -1 -1 -1 -1 -1 -1 2 -1 21 -1 -1 0 -1 -1 -1 0 -1 -1 -1 -1 29 -1 -1 -1 -1 24 -1 -1 -1 16 -1 -1 -1 -1
-1 -1 -1 -1 -1 -1 -1 -1 -1 -1 -1 -1 -1 -1 -1 -1 -1 14 -1 -1 -1 -1 -1 -1 -1 -1 -1 -1 -1 -1 -1 -1 -1 -1 -1
20 -1 -1 -1 -1 -1 -1 33 -1 -1 -1 0 -1 -1 -1 -1 -1 -1 -1 -1 -1 -1 14 -1 -1 -1 -1 -1 1 -1 14 -1 -1 26 -1
-1 -1 0 -1 28 -1 0 -1 -1 -1 -1 -1 31 36 33 -1 26 -1 0 5 -1 -1 -1 -1 -1 -1 -1 -1 -1 -1 0 -1 -1 0 -1
-1 -1 -1 -1 -1 -1 3 -1 -1 -1 -1 -1 -1 -1 -1 -1 -1 -1 -1 -1 -1 15 -1 -1 -1 -1 -1 -1 -1 -1 34 -1 -1 -1 0
-1 -1 -1 -1 -1 -1 -1 -1 -1 -1 -1 -1 -1 -1 -1 -1 -1 -1 -1 -1 -1 -1 -1 -1 -1 0 -1 14 -1 -1 -1 -1 -1 -1 -1
-1 -1 -1 -1 -1 -1 35 -1 -1 -1 -1 -1 -1 0 -1 -1 19 -1 -1 31 -1 -1 -1 -1 -1 -1 -1 -1 -1 -1 -1 -1 35 -1 -1
-1 31 -1 18 -1 26 -1 -1 -1 -1 -1 -1 11 -1 15 -1 -1 -1 -1 -1 -1 -1 -1 -1 -1 -1 -1 -1 -1 19 -1 -1 0 -1 -1
-1 -1 -1 -1 13 -1 -1 -1 -1 -1 -1 -1 31 -1 -1 -1 -1 -1 -1 33 -1 -1 -1 -1 -1 -1 0 -1 -1 -1 -1 -1 24 -1 -1
29 -1 -1 -1 -1 -1 -1 -1 12 0 -1 -1 -1 -1 -1 -1 -1 -1 -1 -1 -1 -1 -1 36 -1 -1 -1 -1 28 0 -1 -1 -1 -1 0
0 -1 -1 6 -1 -1 -1 -1 35 -1 -1 -1 -1 -1 -1 -1 0 -1 20 -1 -1 -1 -1 -1 -1 28 -1 -1 -1 10 -1 -1 24 13 -1
-1 -1 -1 -1 -1 -1 -1 0 -1 -1 33 -1 -1 -1 -1 -1 -1 -1 -1 -1 -1 2 -1 -1 0 -1 -1 15 -1 -1 -1 -1 -1 -1 -1
5 0 -1 35 -1 11 -1 -1 -1 -1 -1 -1 -1 -1 -1 -1 -1 -1 -1 5 -1 -1 0 -1 -1 -1 -1 -1 -1 -1 -1 -1 7 0 -1
-1 -1 -1 -1 0 30 -1 -1 -1 -1 -1 -1 -1 -1 -1 -1 -1 24 -1 13 -1 -1 28 -1 32 -1 -1 -1 0 -1 -1 -1 -1 -1 0
-1 -1 -1 -1 -1 -1 -1 6 -1 -1 24 -1 24 -1 -1 -1 -1 -1 -1 5 -1 -1 -1 -1 -1 -1 13 -1 -1 -1 -1 -1 -1 -1 -1
-1 -1 -1 -1 3 -1 -1 11 -1 -1 -1 0 35 -1 -1 -1 -1 16 -1 -1 -1 5 0 -1 -1 -1 -1 -1 -1 -1 -1 -1 -1 -1 -1
-1 -1 32 -1 -1 -1 -1 -1 -1 -1 -1 -1 -1 -1 -1 -1 -1 -1 -1 -1 -1 -1 0 -1 -1 -1 14 -1 -1 -1 15 -1 -1 -1 -1
-1 -1 -1 -1 0 -1 -1 -1 -1 -1 -1 -1 -1 -1 -1 -1 -1 -1 21 -1 -1 -1 0 -1 -1 -1 -1 16 -1 -1 -1 -1 -1 -1 -1
-1 -1 -1 -1 -1 -1 -1 -1 31 -1 -1 -1 -1 9 -1 -1 -1 -1 -1 24 -1 -1 -1 -1 -1 13 -1 -1 -1 23 -1 -1 -1 -1 -1
-1 -1 -1 -1 20 -1 -1 -1 -1 17 -1 -1 23 -1 -1 -1 -1 -1 26 -1 -1 -1 -1 -1 13 -1 -1 -1 -1 -1 -1 -1 -1 -1 33
-1 -1 31 -1 -1 28 -1 -1 7 -1 -1 -1 -1 -1 0 -1 -1 -1 -1 -1 -1 26 -1 -1 -1 -1 -1 9 32 20 -1 -1 -1 5 5
-1 -1 -1 0 -1 -1 -1 -1 -1 -1 -1 -1 -1 -1 0 -1 0 -1 -1 -1 -1 -1 13 -1 -1 5 -1 -1 -1 -1 -1 -1 -1 -1 -1
-1 -1 -1 -1 16 -1 5 -1 -1 -1 -1 -1 0 -1 -1 -1 -1 -1 26 -1 -1 35 -1 -1 -1 18 -1 -1 -1 14 -1 -1 -1 -1 -1
-1 -1 -1 -1 -1 25 28 -1 -1 -1 14 -1 -1 0 -1 -1 -1 -1 -1 -1 -1 -1 -1 -1 0 -1 -1 19 25 34 29 -1 -1 32 -1
-1 -1 -1 -1 -1 -1 -1 -1 33 -1 -1 -1 5 -1 -1 -1 -1 -1 -1 31 -1 -1 -1 -1 -1 -1 -1 -1 -1 -1 -1 -1 0 -1 -1
-1 -1 -1 -1 -1 -1 -1 -1 -1 33 -1 -1 -1 -1 -1 -1 -1 -1 -1 -1 34 -1 -1 -1 -1 -1 -1 -1 0 -1 -1 -1 -1 -1 -1
-1 23 -1 -1 0 -1 -1 -1 -1 -1 -1 -1 -1 31 27 -1 -1 -1 -1 -1 -1 -1 1 -1 -1 -1 -1 -1 14 0 -1 -1 0 -1 -1
-1 -1 5 -1 -1 -1 -1 -1 -1 -1 0 -1 -1 5 -1 -1 -1 -1 28 -1 -1 36 -1 -1 -1 8 -1 -1 24 -1 -1 -1 7 -1 -1
-1 -1 -1 -1 32 -1 7 -1 16 -1 -1 -1 7 4 22 15 -1 -1 -1 -1 -1 -1 -1 -1 -1 -1 -1 -1 -1 -1 -1 -1 -1 -1 -1
-1 -1 -1 10 -1 -1 23 0 -1 -1 -1 -1 -1 -1 5 -1 9 -1 -1 0 -1 13 14 -1 15 -1 28 -1 -1 -1 0 -1 -1 -1 0
-1 -1 -1 -1 -1 -1 -1 -1 -1 -1 -1 9 -1 -1 -1 -1 -1 29 -1 28 20 -1 -1 15 -1 18 -1 -1 -1 -1 -1 3 -1 -1 -1
36 -1 -1 -1 29 -1 24 -1 -1 0 -1 -1 -1 -1 -1 -1 0 -1 -1 16 -1 16 -1 -1 -1 -1 -1 -1 -1 3 -1 -1 -1 32 -1
-1 5 -1 -1 -1 -1 0 -1 -1 5 -1 -1 -1 -1 -1 -1 -1 26 -1 -1 -1 -1 -1 -1 0 -1 -1 -1 26 -1 -1 23 -1 16 -1
-1 7 -1 -1 -1 -1 16 -1 -1 -1 -1 -1 -1 -1 -1 -1 -1 -1 -1 -1 16 -1 -1 26 -1 -1 -1 -1 -1 0 11 -1 -1 -1 25
-1 -1 -1 -1 -1 -1 -1 -1 -1 -1 26 -1 -1 -1 -1 -1 -1 -1 -1 -1 -1 -1 -1 -1 21 -1 -1 -1 -1 -1 -1 -1 -1 14 -1
-1 -1 -1 -1 -1 -1 -1 24 -1 21 -1 -1 5 -1 -1 -1 24 -1 -1 -1 -1 0 -1 -1 -1 -1 28 -1 -1 -1 24 -1 -1 -1 -1
-1 -1 -1 -1 -1 -1 -1 -1 -1 -1 -1 -1 -1 -1 -1 -1 -1 26 -1 -1 -1 -1 -1 -1 -1 -1 -1 -1 -1 -1 -1 -1 -1 -1 -1
1 -1 -1 -1 -1 -1 -1 0 -1 -1 -1 31 -1 -1 -1 -1 -1 -1 -1 -1 -1 -1 0 -1 -1 -1 -1 -1 32 -1 30 -1 -1 24 -1
-1 -1 5 -1 0 -1 0 -1 -1 -1 -1 -1 20 16 17 -1 36 -1 0 26 -1 -1 -1 -1 -1 -1 -1 -1 -1 -1 11 -1 -1 26 -1
-1 -1 -1 -1 -1 -1 15 -1 -1 -1 -1 -1 -1 -1 -1 -1 -1 -1 -1 -1 -1 0 -1 -1 -1 -1 -1 -1 -1 -1 2 -1 -1 -1 29
-1 -1 -1 -1 -1 -1 -1 -1 -1 -1 -1 -1 -1 -1 -1 -1 -1 -1 -1 -1 -1 -1 -1 -1 -1 20 -1 28 -1 -1 -1 -1 -1 -1 -1
