35 77
8 206 37 64 73 93 228 132 232 201 169 25 138 126 60 228 102 78 177 2 222 185 158 86 0 120 160 193 220 92 47 131 188 32 143
78 90 228 212 210 148 231 99 180 52 151 27 73 177 122 203 226 97 60 124 166 32 99 201 190 92 164 69 66 212 122 44 174 175 35
200 24 193 202 196 180 137 228 83 141 137 142 118 75 69 232 104 138 56 10 20 228 151 120 44 4 115 27 212 208 42 46 58 87 200
73 87 104 168 88 203 135 137 85 115 112 113 201 2 198 31 156 13 142 13 27 81 100 66 201 64 30 2 158 142 212 143 220 2 176
116 206 13 142 63 91 48 126 228 43 173 2 71 157 72 41 233 123 13 228 89 57 33 52 226 12 190 168 2 190 31 182 192 73 185
223 153 66 108 151 103 166 94 149 0 65 61 122 190 154 179 32 116 86 182 40 31 126 190 192 49 113 191 196 8 12 40 83 88 14
208 72 225 232 112 31 212 228 19 18 195 210 20 142 166 200 144 12 13 183 25 197 190 68 3 167 20 216 8 112 134 72 113 142 123
116 48 143 71 115 142 212 25 109 125 36 211 39 72 99 174 40 190 78 31 163 192 12 140 125 173 165 45 161 31 111 137 25 149 70
151 60 126 10 161 21 38 69 186 233 181 193 185 228 212 32 147 13 61 71 60 197 216 15 13 33 39 228 36 157 93 161 223 12 40
38 201 102 0 67 193 69 172 165 80 112 56 177 211 115 147 187 2 34 143 169 142 200 205 190 190 148 78 201 220 99 32 13 44 131
0 32 86 39 174 116 154 76 175 10 73 187 132 13 201 28 107 122 6 102 2 228 36 69 122 6 204 29 190 188 114 31 72 186 87
190 51 131 122 84 110 31 70 194 79 131 153 126 232 224 213 86 131 81 95 69 86 2 234 41 158 144 92 157 63 165 133 86 86 95
192 86 43 169 201 154 225 101 87 181 10 2 120 149 39 187 142 92 116 44 48 189 195 86 107 91 2 168 162 190 6 112 203 180 0
67 1 99 68 8 73 151 9 71 167 52 158 43 216 151 13 166 225 64 14 142 20 173 204 92 95 113 8 137 181 39 8 32 32 117
69 0 114 2 13 131 164 0 48 198 94 30 12 143 114 2 61 92 138 7 10 56 144 101 2 10 170 208 120 72 229 154 217 50 36
72 153 74 216 114 138 72 101 201 216 175 2 151 153 140 92 174 144 169 33 50 61 175 212 138 43 120 8 4 85 183 52 57 56 190
228 163 102 154 90 203 182 180 158 2 22 55 163 201 201 134 149 64 215 230 126 2 3 186 230 32 191 128 73 80 54 169 186 30 211
216 167 112 11 199 63 13 223 163 179 187 142 32 163 2 201 78 94 142 2 32 194 48 8 39 39 60 208 120 96 197 143 225 96 226
203 79 112 39 68 122 38 8 23 178 184 151 116 138 187 47 179 173 190 17 43 48 38 2 2 105 228 57 54 14 126 109 209 190 147
114 149 120 48 193 94 183 135 173 139 68 216 74 39 24 87 52 57 212 184 204 148 39 193 81 186 111 216 11 218 120 23 73 217 181
219 45 1 9 94 43 14 118 72 201 31 126 193 174 138 153 121 150 29 33 169 47 210 94 117 95 8 46 14 230 202 63 59 38 56
62 102 120 190 120 157 112 158 74 10 145 86 226 221 31 169 212 88 31 32 69 216 138 141 26 158 211 32 6 10 31 2 161 131 131
114 49 131 190 66 173 221 25 43 169 42 189 14 56 176 43 174 114 163 12 163 43 102 230 72 141 166 30 32 182 83 180 183 201 18
71 2 68 174 0 137 52 203 163 36 221 120 198 147 201 44 11 161 5 166 193 38 61 130 39 204 2 233 48 201 225 128 99 210 154
38 39 226 114 144 201 181 2 99 116 1 193 120 99 187 157 225 15 167 24 200 78 222 32 132 126 77 228 130 68 152 171 175 210 197
38 126 60 119 89 154 38 188 81 208 68 127 127 191 212 161 187 197 190 86 15 208 184 203 201 57 63 15 192 142 129 220 163 228 71
108 150 163 210 175 51 182 183 40 12 92 40 14 201 93 210 74 182 23 8 71 112 33 42 62 68 120 71 163 182 190 190 46 212 228
10 180 138 44 198 73 233 231 93 226 86 119 81 43 113 90 187 212 10 166 31 109 151 169 114 65 60 31 212 39 218 172 153 190 159
120 149 201 25 104 187 0 107 10 232 179 48 201 60 178 205 71 169 126 73 123 228 190 39 186 98 199 66 207 115 3 73 200 106 120
13 220 64 197 143 69 60 126 170 190 190 180 61 64 32 148 101 66 141 68 142 72 49 113 100 86 92 131 56 47 69 161 195 157 10
228 196 182 192 220 38 12 149 49 208 126 113 180 121 86 160 82 190 110 76 46 12 38 68 10 58 12 10 198 5 78 146 92 208 164
174 195 168 137 228 210 179 187 9 151 56 203 13 201 81 12 230 190 116 67 116 32 151 80 14 44 32 165 31 31 38 233 119 138 145
230 0 220 43 159 66 210 158 45 127 80 180 151 16 2 193 36 65 12 40 212 182 215 31 227 197 15 193 137 59 155 48 78 110 83
169 69 44 228 13 13 12 12 201 136 181 57 198 67 45 150 114 189 218 162 110 204 2 159 100 146 102 149 190 96 190 97 184 50 120
182 55 69 163 214 199 109 141 73 87 25 81 161 44 72 141 45 112 32 131 78 34 8 94 188 1 97 221 53 10 90 180 15 191 228
39 135 43 38 131 158 163 228 220 212 29 204 17 212 52 174 228 108 190 223 204 201 30 71 71 182 212 138 32 69 10 92 210 32 179
98 104 2 39 63 43 73 8 193 187 87 40 8 3 197 232 179 120 112 174 12 129 138 182 44 190 73 18 38 143 86 92 86 38 198
11 210 149 2 2 20 160 188 9 132 86 64 167 46 141 120 189 114 57 113 12 13 174 68 126 197 228 69 127 194 47 163 228 149 48
126 142 115 162 77 164 173 56 61 135 201 157 13 203 71 25 174 225 81 143 228 44 30 190 36 142 171 169 142 48 119 180 12 52 163
211 116 47 94 71 181 0 76 13 148 142 45 40 10 46 216 182 87 161 50 31 1 197 126 201 224 73 197 0 15 63 87 193 182 144
126 13 201 120 59 113 33 24 2 153 188 151 56 211 190 60 166 73 25 202 86 79 138 152 186 2 80 154 175 38 142 187 163 39 8
180 190 185 158 142 153 142 78 201 174 2 191 123 32 25 149 10 137 12 221 156 101 68 199 190 12 151 14 144 74 173 71 73 92 81
12 39 114 72 212 232 15 230 198 51 14 184 198 64 116 159 70 190 68 83 72 35 2 94 160 190 161 2 95 167 43 48 227 6 18
120 65 74 190 96 81 32 100 12 31 198 97 193 150 115 149 56 125 218 220 45 169 169 0 13 13 215 86 69 38 37 10 126 143 184
211 165 13 116 157 75 43 94 66 128 180 168 92 69 107 116 126 110 183 4 147 176 131 200 204 174 107 158 164 190 233 97 233 72 162
212 109 104 113 60 112 144 193 31 114 120 10 115 120 50 228 78 32 56 181 207 72 86 97 118 102 42 11 68 56 216 131 64 126 165
206 33 226 142 177 187 78 100 2 154 193 120 31 167 163 144 138 190 208 33 32 142 69 57 138 72 115 147 0 120 78 180 104 32 181
56 205 210 128 199 140 130 182 32 120 232 218 196 30 65 201 151 228 216 12 91 114 126 158 212 222 117 218 157 81 122 23 163 116 170
99 158 21 165 102 201 221 165 151 32 66 228 201 195 32 131 67 204 15 38 48 43 20 2 71 190 25 219 12 39 142 80 31 195 43
10 57 27 154 87 180 148 14 202 43 187 34 32 172 32 190 131 63 126 138 9 175 112 145 90 88 81 92 10 176 126 60 133 72 161
43 173 225 122 94 112 169 1 110 78 60 80 131 214 99 12 231 153 151 80 220 193 201 93 99 111 78 220 159 2 13 56 73 229 201
44 186 64 0 230 140 142 44 6 190 8 192 187 127 164 154 122 150 120 183 31 201 149 88 19 41 122 190 101 72 190 200 114 191 44
94 226 203 228 142 101 96 0 31 61 12 217 38 188 105 114 42 186 90 163 179 38 192 110 91 90 31 196 193 2 78 109 131 40 212
10 10 106 163 32 2 24 153 169 161 233 70 182 175 61 36 201 127 25 120 11 137 113 38 23 132 40 73 73 216 66 36 4 102 221
186 40 84 138 112 31 113 166 161 210 210 52 0 86 73 83 213 169 121 228 32 112 20 23 131 3 100 102 2 193 62 31 212 203 158
107 179 52 183 46 12 89 95 39 55 69 8 102 169 183 8 8 69 5 201 61 71 192 71 200 182 151 36 225 147 137 137 173 67 142
113 81 71 95 137 181 2 2 157 116 72 115 32 72 189 132 228 116 181 86 48 12 69 85 168 203 185 24 99 209 49 118 12 43 69
47 2 39 190 69 8 197 153 143 99 108 63 92 201 191 177 52 208 109 28 67 203 46 92 39 58 86 116 192 151 38 131 39 210 52
10 40 181 184 112 201 142 60 66 39 203 184 228 151 32 74 31 38 139 59 40 151 159 185 190 234 190 79 99 63 131 49 166 215 2
190 48 87 90 10 15 26 216 208 29 10 10 86 193 60 212 222 48 151 208 166 7 120 124 45 155 114 13 173 200 47 2 13 125 119
138 228 158 149 146 187 99 119 9 31 32 93 186 200 33 78 73 32 49 60 34 8 48 166 92 13 14 45 178 226 31 201 53 154 223
68 44 3 12 148 206 141 2 102 114 158 230 141 208 194 230 36 15 170 204 64 190 183 48 198 72 143 201 157 175 1 73 27 67 83
0 226 68 54 231 76 187 56 0 169 39 186 14 2 179 225 114 168 192 169 31 6 192 201 180 180 233 58 196 13 92 15 137 167 66
173 182 212 44 78 123 66 31 166 123 147 216 190 57 190 134 211 112 30 187 228 101 169 199 151 141 27 93 216 33 136 111 10 39 39
161 175 72 143 86 205 1 44 154 54 175 94 203 113 16 191 228 13 172 36 14 225 137 210 2 2 116 64 109 178 126 163 120 163 2
182 190 60 83 154 120 174 60 87 55 50 153 122 208 126 31 174 0 62 134 138 25 99 85 121 31 96 95 143 88 228 212 13 233 169
163 14 220 221 51 145 74 210 69 180 43 193 149 130 141 94 89 217 226 42 210 20 226 102 228 86 212 168 81 61 216 161 112 38 86
68 177 48 39 138 8 190 8 223 212 86 120 151 69 68 230 72 2 187 188 146 122 82 73 161 44 189 208 197 216 66 180 49 8 43
232 110 187 197 6 13 120 208 117 228 230 232 144 150 190 201 103 126 5 220 200 22 201 137 228 148 112 220 182 228 203 157 65 25 2
141 201 92 14 122 131 57 190 41 201 149 212 10 225 61 45 198 166 32 93 57 228 212 68 193 201 195 2 195 68 13 190 180 114 163
