40 81
264 101 251 265 126 15 71 34 92 257 32 9 266 76 30 192 119 210 134 276 117 170 0 114 134 6 129 0 6 202 119 113 178 148 168 286 194 195 26 289
68 37 84 28 240 209 175 255 30 269 37 180 23 213 174 277 102 0 38 140 297 245 266 104 266 215 7 179 185 87 280 95 259 174 184 63 19 190 6 266
0 207 248 171 113 187 0 139 259 119 4 266 262 199 56 148 157 174 112 0 87 297 290 281 104 266 6 285 56 71 275 87 86 32 102 265 286 56 249 174
87 250 164 245 177 210 215 264 233 71 107 114 127 167 142 54 128 216 119 290 165 180 153 104 83 279 67 118 284 256 259 0 45 137 46 145 0 187 113 31
82 244 225 170 264 177 212 177 157 240 160 184 220 46 74 102 75 180 286 266 54 269 210 153 123 209 211 28 186 114 65 81 188 44 228 37 57 0 117 0
238 174 38 210 102 215 79 159 178 61 60 149 36 97 6 54 44 75 0 210 201 32 205 290 223 159 172 228 201 129 175 240 225 276 269 286 292 215 99 286
132 245 159 131 132 0 259 222 221 44 116 28 130 30 271 41 74 286 193 280 228 266 228 44 174 59 82 277 270 110 177 114 188 205 38 68 244 76 126 74
191 94 190 287 296 233 3 125 119 54 279 265 80 278 224 66 29 183 144 148 209 294 37 94 213 194 296 238 65 2 264 141 186 128 13 106 29 297 38 178
296 177 144 244 28 112 297 136 186 243 229 243 37 31 11 206 298 20 79 3 111 259 153 94 186 194 68 28 298 295 238 178 266 280 186 277 6 88 53 0
259 236 283 213 286 239 26 297 114 225 155 297 70 210 153 194 10 194 119 194 150 206 180 135 94 267 102 49 224 264 0 37 225 284 95 64 82 207 193 0
69 225 32 270 111 102 95 179 69 209 258 86 149 274 124 202 102 87 277 198 0 12 72 45 102 177 114 198 0 135 202 296 51 139 0 195 0 228 259 273
210 40 151 0 259 193 65 15 82 229 77 210 83 259 120 157 72 280 183 208 0 191 49 7 86 126 279 70 225 153 9 157 185 0 238 80 40 0 49 64
191 32 71 195 210 159 129 254 48 178 285 218 200 0 22 69 153 201 86 58 52 46 233 289 214 235 205 45 228 0 39 150 119 203 74 182 235 48 240 228
195 65 188 225 142 82 74 244 197 86 0 279 56 0 8 184 79 77 259 292 202 59 117 225 184 266 269 180 264 172 225 243 45 71 0 41 11 219 44 145
160 161 225 202 250 286 119 204 219 186 14 10 240 113 225 80 182 116 74 96 104 29 181 78 150 113 194 258 32 202 44 102 139 285 105 15 296 257 114 0
32 62 0 117 36 87 28 158 191 194 114 288 101 19 6 167 183 100 248 112 145 116 0 95 259 0 102 29 286 59 284 238 121 148 65 139 169 179 86 170
5 8 70 147 250 17 212 117 290 31 110 20 264 175 296 209 17 55 0 252 259 210 17 261 77 103 94 4 212 286 230 273 57 102 54 74 191 140 231 135
252 286 184 11 29 202 0 0 240 25 63 0 199 188 210 23 124 40 32 123 26 26 202 287 175 44 266 82 102 117 176 97 285 38 145 1 0 81 144 108
102 259 54 28 278 170 162 175 222 129 100 264 226 71 266 95 285 129 89 77 193 79 42 196 174 293 77 264 269 274 29 242 0 124 259 129 249 238 56 232
184 264 115 163 119 34 175 0 184 17 104 19 171 38 5 46 218 44 275 250 9 151 189 240 49 258 45 222 264 74 167 117 0 166 66 148 119 166 174 109
44 32 101 11 0 230 82 261 43 173 32 113 202 41 136 45 285 36 190 249 142 233 213 87 17 284 6 50 9 77 285 204 118 264 56 25 180 209 122 245
286 155 24 238 96 240 53 200 154 33 259 245 285 207 37 32 210 265 135 119 0 124 165 8 273 105 64 114 32 175 143 112 132 264 165 44 100 98 87 45
263 199 103 287 77 49 243 264 31 181 285 49 221 189 6 15 47 124 104 69 225 78 96 201 123 175 56 221 0 218 297 0 185 9 169 0 0 204 175 47
0 234 6 158 178 122 70 118 54 132 177 179 134 232 143 229 292 152 206 141 11 11 145 128 175 12 64 95 257 1 238 87 27 147 202 98 68 272 1 195
171 264 155 178 285 0 193 185 132 57 11 71 231 25 261 57 246 101 110 112 145 34 102 82 162 284 297 38 21 0 177 290 44 66 45 70 86 210 185 104
44 284 18 200 255 209 216 217 245 202 260 243 210 241 264 167 64 170 76 191 0 60 0 0 224 285 27 74 184 145 210 65 1 290 253 211 146 240 137 36
119 143 269 0 48 86 29 102 59 225 29 280 9 83 0 112 34 58 9 218 184 259 180 184 246 271 79 245 221 108 218 177 112 180 202 0 0 144 9 264
5 0 95 285 82 58 296 119 147 213 81 0 225 111 90 71 64 25 0 109 44 102 165 38 259 0 218 15 240 297 202 91 155 53 114 42 97 65 0 205
145 55 193 119 83 115 185 77 259 114 94 41 118 275 206 48 274 44 178 249 163 206 278 200 165 230 291 119 221 194 41 138 120 141 107 167 189 32 85 48
200 285 32 83 73 231 103 245 0 100 69 60 102 95 8 56 46 37 199 277 25 242 34 183 0 0 142 94 102 0 88 0 225 238 196 213 199 77 114 240
210 28 140 33 29 32 225 211 80 194 259 0 290 143 208 184 221 31 87 297 184 174 80 163 0 189 201 285 244 74 126 82 0 258 240 264 244 161 62 0
285 28 74 289 0 78 238 56 1 206 60 231 0 225 126 112 200 213 198 40 264 129 153 0 259 249 243 265 120 0 206 113 34 0 6 46 25 240 266 218
86 287 0 77 199 82 229 160 119 180 78 37 167 27 0 225 227 30 45 51 213 270 223 129 191 197 153 57 177 174 279 31 119 104 172 62 156 271 286 79
76 289 25 222 286 159 123 194 18 42 130 222 159 124 207 133 230 209 71 102 279 113 114 175 34 6 202 116 45 0 57 64 273 210 100 15 131 27 132 271
186 144 168 2 268 127 178 155 12 144 229 38 282 26 139 155 0 102 37 61 171 171 145 110 152 0 0 280 213 169 29 0 0 94 167 87 0 34 177 32
28 247 80 69 94 151 191 44 230 86 171 231 114 67 219 71 282 11 287 48 101 34 87 15 102 114 71 286 99 194 83 191 194 158 296 253 136 0 47 38
77 51 0 259 285 263 104 1 225 292 13 152 43 191 94 168 70 237 38 167 0 248 152 208 0 98 132 264 0 32 65 172 0 174 168 215 177 35 0 148
57 86 135 213 296 256 210 277 31 16 68 202 249 155 51 116 72 273 0 46 285 39 182 208 119 85 158 108 243 183 0 228 11 277 202 2 63 210 102 113
51 297 32 153 200 240 265 232 269 119 104 207 283 0 44 108 247 6 119 158 0 237 253 255 25 0 158 78 180 225 179 285 238 0 296 285 0 179 214 38
249 114 10 51 103 177 213 0 259 4 225 138 142 177 113 32 57 37 93 159 262 219 165 189 113 277 178 113 0 40 6 139 69 28 266 100 240 202 79 32
86 71 220 84 81 0 171 94 0 216 150 79 119 6 219 264 32 285 179 183 165 225 104 297 262 11 117 178 284 177 10 297 210 48 37 174 178 80 187 158
207 213 29 102 71 65 172 0 53 4 117 169 19 20 116 297 213 296 87 124 213 221 265 126 202 186 245 157 102 64 207 244 76 98 58 261 175 158 264 40
0 238 240 174 136 141 225 34 273 0 0 221 184 135 56 102 173 74 199 189 177 175 213 101 70 172 103 134 0 68 172 0 177 31 46 148 202 54 78 87
2 51 285 155 111 134 153 175 244 74 25 0 240 139 259 44 279 87 225 40 285 86 210 215 127 217 43 34 158 15 240 132 145 77 102 31 244 264 294 54
174 83 132 271 201 296 175 226 119 191 8 230 210 0 86 231 259 119 184 180 119 2 32 276 71 208 290 131 17 0 0 11 110 193 177 244 201 157 0 129
283 44 48 83 77 204 0 129 190 0 140 225 94 59 296 51 177 0 171 27 177 185 250 194 285 194 200 113 34 104 178 246 178 194 177 297 275 184 180 122
200 229 67 141 269 69 206 263 198 153 229 102 27 45 230 78 186 94 259 186 198 142 231 6 64 113 204 78 20 148 177 244 98 10 0 0 77 46 242 240
259 264 9 285 8 245 42 14 0 0 0 193 72 205 165 158 112 218 32 285 102 36 28 13 215 6 36 238 78 102 40 118 64 47 225 196 32 249 165 278
86 157 218 26 126 215 168 168 181 28 175 240 170 167 112 57 5 144 218 188 241 37 202 107 37 37 201 265 68 69 70 57 124 245 153 182 285 271 273 135
273 22 185 256 287 237 126 238 87 279 207 0 106 65 46 82 94 210 258 243 57 269 0 184 102 56 113 222 60 6 240 48 277 280 213 264 11 96 15 273
3 100 245 259 171 233 87 259 0 185 9 29 102 9 138 109 0 184 264 34 31 56 114 1 77 75 162 69 90 89 265 259 247 202 57 32 238 154 68 259
191 25 82 271 44 0 195 274 32 269 167 95 45 129 278 218 34 32 225 184 17 28 167 178 65 0 6 177 0 70 210 240 44 178 114 123 266 185 117 143
128 44 65 286 119 156 280 0 68 142 41 82 180 136 266 51 113 259 279 32 0 15 243 74 64 82 203 114 295 0 286 55 135 252 118 248 38 259 200 266
119 222 104 206 180 80 191 26 92 101 7 170 1 114 194 225 43 4 112 215 52 296 142 229 264 201 172 71 225 174 83 0 237 138 63 15 29 266 10 206
252 38 297 182 209 285 70 60 202 28 95 8 61 291 284 17 279 193 135 9 39 210 105 296 277 1 180 54 155 194 160 113 0 127 245 196 206 255 275 216
277 48 116 102 45 187 159 266 113 177 145 205 159 144 117 190 0 71 166 225 74 101 57 249 264 71 132 202 268 51 99 101 153 81 48 0 44 180 116 202
264 152 281 213 259 183 111 169 88 210 199 186 208 265 6 148 298 184 266 147 179 46 264 95 162 213 44 76 210 119 155 25 228 34 228 11 93 193 129 58
34 149 176 41 86 219 212 259 145 259 227 213 229 238 124 169 177 284 190 195 87 245 0 259 66 126 210 0 0 165 0 219 0 163 121 150 0 103 232 83
266 29 215 143 140 51 260 0 144 86 128 240 102 100 44 102 95 0 266 82 155 174 199 276 129 259 289 259 286 269 34 91 32 0 0 87 158 113 202 140
253 285 57 193 209 102 284 143 225 29 69 94 185 54 71 292 209 175 249 282 225 209 209 166 297 0 139 159 264 296 179 146 153 25 247 65 228 213 136 101
0 264 189 79 100 38 63 19 6 0 153 225 35 199 77 32 213 114 197 168 285 184 171 108 0 50 94 271 184 200 119 60 0 79 70 155 210 151 36 83
194 114 11 250 30 102 105 9 55 275 286 94 132 77 242 243 255 159 108 120 224 74 296 104 195 135 270 290 287 97 0 96 49 114 62 180 36 39 277 230
23 289 119 212 119 145 56 32 0 228 233 116 54 37 199 114 32 151 228 48 253 249 251 259 210 133 0 12 200 218 1 167 243 153 7 289 15 37 228 0
69 210 44 41 86 59 239 191 61 44 53 109 87 104 0 191 238 119 264 174 130 30 148 200 45 263 0 28 222 94 32 44 0 191 178 37 129 0 280 180
269 76 202 74 69 25 49 147 160 159 0 49 86 174 119 73 102 248 290 159 209 38 25 175 155 112 49 210 266 0 186 297 174 0 152 77 245 233 293 0
77 11 144 0 286 42 182 12 179 6 286 0 0 277 259 266 104 114 116 79 229 259 189 238 62 26 82 71 40 0 199 283 228 0 53 147 104 210 111 96
287 0 290 95 285 171 232 277 40 207 78 296 221 64 259 62 80 46 174 132 114 0 262 95 28 0 240 115 8 286 28 280 230 33 200 222 104 102 19 221
99 240 194 11 208 223 152 0 28 285 152 5 29 0 259 0 183 225 114 3 0 261 210 63 82 0 175 112 4 145 285 297 46 209 202 179 257 72 191 119
179 153 86 1 102 128 296 15 126 218 32 280 85 228 175 270 30 94 69 278 161 258 0 258 266 102 65 100 74 79 225 240 44 82 57 292 98 117 71 249
18 113 57 180 31 0 170 221 139 114 264 9 59 142 202 202 34 70 71 223 32 270 27 122 272 26 112 261 225 112 297 123 202 284 95 164 0 75 119 113
119 87 225 45 279 0 38 45 29 60 224 68 114 38 219 120 18 132 206 202 211 240 54 11 265 233 112 37 102 41 123 0 290 74 225 87 42 9 184 181
37 6 32 259 174 45 130 264 103 243 185 37 28 87 184 285 31 6 250 167 205 108 80 250 120 129 6 238 286 186 94 170 113 194 184 165 194 6 0 77
80 145 0 110 225 183 248 82 145 177 0 178 0 79 157 102 266 193 210 167 65 178 238 87 110 183 230 0 298 110 0 28 45 246 32 240 290 279 264 236
108 0 277 66 174 191 218 0 170 273 113 198 243 194 123 274 47 253 168 29 72 67 258 297 56 104 266 25 117 0 175 201 118 137 31 286 210 171 114 264
167 188 0 100 210 232 137 0 286 269 282 189 243 284 180 24 206 197 38 192 97 285 79 0 64 264 155 118 158 286 269 131 86 1 225 285 38 264 38 65
80 17 139 290 163 32 208 148 114 103 249 194 292 0 211 95 29 277 191 211 249 202 265 54 119 0 102 287 56 289 46 82 124 225 114 231 58 134 66 225
28 202 235 202 222 255 175 205 2 207 102 238 188 119 74 41 221 107 257 0 178 119 0 29 144 119 0 15 266 286 189 49 115 159 21 64 151 224 9 27
288 32 245 30 51 194 132 6 144 160 17 286 74 71 85 44 163 267 212 188 274 210 139 165 44 104 214 240 213 125 44 124 77 195 31 37 44 38 0 143
38 150 86 209 139 5 256 117 145 142 56 285 204 214 177 45 59 141 49 240 25 161 0 6 286 149 191 77 12 129 257 285 0 16 254 56 296 119 32 280
74 13 82 186 148 153 88 26 56 177 100 45 167 287 206 124 297 231 231 11 83 38 286 195 264 33 47 244 238 194 234 97 145 76 81 285 23 292 235 113
