40 76
0 0 99 0 0 99 0 41 75 0 0 0 0 0 0 99 31 0 0 0 0 0 0 0 0 13 0 20 50 0 25 11 0 99 0 0 0 0 0 0
0 0 0 0 0 0 0 97 0 0 46 31 0 0 57 52 37 10 0 0 0 0 111 0 0 0 47 0 35 7 73 18 112 0 0 0 107 41 52 0
0 0 81 0 71 0 90 0 0 0 0 37 62 2 0 8 99 41 0 0 35 35 0 0 2 54 0 0 76 0 99 0 0 0 18 0 98 49 0 0
0 33 0 0 8 0 0 81 20 0 0 0 99 0 12 0 0 30 0 47 0 0 0 0 39 0 0 0 0 0 107 13 0 0 0 0 0 0 0 0
0 0 0 20 0 0 108 0 0 0 0 15 0 0 0 0 41 0 0 82 0 8 112 0 108 0 0 0 0 66 0 107 0 0 99 0 112 34 22 0
0 13 0 0 0 0 0 111 41 110 0 0 55 61 0 90 30 0 0 0 0 10 0 0 0 0 46 0 0 0 0 0 0 0 0 0 95 0 0 0
0 0 0 0 0 13 39 85 0 23 0 0 0 75 0 0 0 107 0 89 0 0 0 52 0 0 47 37 0 13 39 0 41 0 73 54 45 0 50 0
39 0 0 0 13 35 53 0 0 0 18 34 0 0 24 0 53 0 0 19 0 0 50 0 11 0 0 0 0 0 50 0 0 0 0 0 0 0 0 0
26 0 0 0 35 0 10 0 4 18 0 0 37 0 0 0 0 21 0 0 39 0 101 62 0 0 104 0 0 0 0 0 0 18 0 0 0 0 60 0
0 0 0 41 0 0 0 0 101 0 0 0 30 109 0 0 0 0 109 0 0 39 0 0 101 75 0 0 0 0 18 0 0 0 90 0 0 71 40 71
64 0 0 100 85 0 105 0 58 0 0 92 0 91 32 0 0 0 90 91 0 39 37 105 0 52 0 0 0 0 107 0 0 0 112 0 0 41 82 0
72 82 0 33 0 0 0 0 0 8 0 0 0 0 0 59 66 50 12 41 86 0 0 0 0 0 0 0 0 86 66 0 107 14 100 0 0 0 11 0
110 0 0 0 107 0 91 0 18 0 0 0 84 0 0 0 113 18 0 0 53 13 0 0 0 109 46 0 0 34 0 108 0 0 0 0 38 0 0 0
0 82 14 85 97 3 0 0 0 0 0 0 0 0 0 108 0 36 0 55 0 0 111 26 0 0 68 0 0 0 0 0 0 0 0 0 0 0 14 63
0 0 0 41 0 0 0 113 0 112 112 0 0 0 5 93 98 0 0 0 41 0 0 107 0 0 69 75 0 0 41 7 101 85 0 0 100 0 11 0
92 90 4 0 0 0 2 107 85 65 0 0 0 0 0 3 49 0 0 0 0 0 4 25 0 0 0 0 0 0 53 0 0 0 91 0 34 0 103 0
0 0 0 0 0 0 108 18 0 94 0 0 0 0 0 0 0 0 0 39 0 24 53 0 17 84 0 0 0 37 38 0 13 0 11 43 0 0 0 0
13 98 26 0 37 4 0 0 0 13 0 0 0 0 0 0 0 39 81 0 87 0 50 0 0 0 0 67 39 55 0 0 0 0 0 38 0 10 0 0
85 0 0 77 50 0 0 39 0 109 15 0 33 0 0 37 0 11 0 0 0 113 0 58 0 99 0 0 49 0 102 0 87 0 0 0 32 0 111 0
0 88 31 0 0 0 99 0 0 0 0 0 72 0 30 0 0 0 0 0 0 41 0 74 0 0 0 50 28 0 34 83 0 0 105 53 0 0 21 53
0 0 0 0 0 0 0 90 45 0 48 41 32 37 0 20 0 31 101 50 112 0 0 54 0 0 0 0 0 17 0 0 0 0 8 0 0 11 0 71
0 2 83 0 81 0 0 76 0 0 20 85 79 0 0 77 0 0 74 0 11 0 49 34 0 35 0 0 0 0 0 81 0 0 3 0 0 0 99 113
0 0 0 0 0 0 50 0 101 0 48 0 111 9 51 53 53 0 0 0 0 0 0 19 0 0 0 4 0 0 99 0 0 18 107 0 0 0 0 0
0 19 38 104 39 112 82 108 55 41 0 29 0 0 0 0 74 0 0 107 71 0 0 24 0 0 0 13 84 0 0 14 0 0 15 0 0 0 13 0
46 0 0 113 8 105 0 61 85 0 0 54 0 0 0 0 0 0 13 0 0 0 0 19 41 0 85 20 0 0 0 0 0 0 0 0 74 0 0 34
0 0 17 0 0 0 37 0 38 39 0 39 100 0 0 0 8 4 0 0 3 0 0 39 0 13 0 0 8 0 0 84 0 108 0 0 0 0 0 82
0 0 0 0 0 13 0 10 0 0 0 42 0 0 19 0 0 0 21 0 0 49 0 0 0 0 55 82 0 0 39 0 86 0 0 0 108 53 0 0
0 0 38 0 52 0 0 52 0 0 0 0 107 0 0 71 0 0 0 24 13 0 61 0 0 0 38 0 98 0 108 0 0 54 98 41 0 32 61 0
0 0 0 0 0 0 2 0 0 0 0 50 0 0 82 0 0 0 0 0 0 0 0 0 0 39 10 0 0 0 12 0 56 0 54 0 0 0 0 18
0 54 0 0 66 0 0 54 0 0 0 82 0 0 18 0 112 54 0 12 0 0 5 34 60 39 0 16 12 9 0 82 82 0 99 107 0 24 11 0
0 90 0 0 0 0 0 50 0 0 0 95 0 17 60 0 49 0 74 90 83 18 78 0 0 39 21 35 0 0 0 0 98 107 0 60 91 18 0 25
0 0 0 0 0 0 110 0 18 0 20 0 0 0 0 0 113 0 0 4 0 0 0 66 37 101 0 0 0 0 44 0 0 0 101 53 0 7 99 41
35 103 41 0 89 75 46 107 83 0 0 12 0 9 0 0 50 0 83 65 0 0 0 0 81 0 0 0 0 0 0 0 0 28 0 0 2 0 0 15
0 0 0 32 4 110 113 0 62 0 0 0 28 0 0 0 0 6 0 27 0 2 0 0 0 0 0 0 83 2 75 80 20 37 0 0 0 0 0 101
81 0 42 0 0 110 0 50 0 52 0 0 81 38 0 0 0 0 0 0 0 0 106 53 0 0 0 0 70 0 0 48 0 0 0 0 41 18 0 0
0 0 0 0 0 0 47 0 39 0 0 54 0 0 0 0 102 34 0 0 107 110 0 0 96 0 38 35 0 0 28 24 0 83 7 0 0 83 41 0
0 13 0 105 0 0 0 0 0 52 0 1 84 0 69 71 0 0 0 84 0 0 0 0 75 0 0 107 75 18 8 2 0 0 62 0 0 0 0 42
0 0 0 99 0 0 0 0 82 0 0 0 0 90 0 0 107 0 38 0 33 101 0 0 1 0 0 54 44 0 0 0 0 107 107 41 0 0 28 0
0 108 67 0 0 0 0 49 0 0 0 12 0 84 0 24 0 0 0 0 107 0 0 0 0 0 0 0 0 0 8 0 0 37 110 0 67 0 41 0
110 110 50 0 20 0 0 0 0 113 0 0 0 83 0 53 44 0 31 0 0 0 24 34 0 0 12 0 89 83 50 0 99 52 35 0 0 42 0 0
0 0 0 0 0 0 0 0 66 0 0 18 13 0 85 0 0 0 0 0 0 0 77 0 0 0 41 0 107 0 0 39 0 0 0 20 37 81 105 0
0 0 0 0 0 0 37 0 0 0 12 0 25 0 5 0 0 0 30 0 66 61 0 49 0 11 0 0 0 0 54 0 0 0 0 2 5 35 0 0
89 90 54 0 0 13 0 52 107 2 84 74 0 20 0 98 60 0 0 0 37 0 0 32 38 0 0 0 13 0 0 26 33 0 0 0 0 0 0 0
0 0 19 8 35 110 0 0 98 0 0 0 110 0 0 71 0 0 99 0 37 74 0 92 0 8 0 8 0 0 20 0 38 0 39 18 0 0 0 0
0 60 0 0 41 0 62 0 98 0 13 0 78 0 18 0 75 0 0 0 0 0 0 0 0 101 0 0 0 50 83 0 11 74 111 83 8 0 0 0
101 0 0 0 0 0 0 0 0 75 0 84 0 50 13 35 0 4 0 0 0 0 0 0 18 11 24 0 0 0 0 0 0 0 46 0 37 111 7 13
0 0 10 0 0 0 0 0 0 0 76 30 30 0 50 0 55 0 0 0 101 100 52 0 0 54 62 49 0 0 34 0 0 0 0 0 0 0 0 0
0 11 0 53 0 56 0 101 0 0 0 0 0 39 0 0 61 0 53 91 50 112 0 75 0 39 52 38 0 0 0 0 48 0 109 0 0 4 50 0
0 0 2 13 75 0 0 0 0 0 81 10 0 0 23 99 107 0 100 4 82 88 41 0 0 0 0 0 0 66 0 0 0 0 0 0 0 0 34 31
0 0 0 0 0 0 0 2 0 0 0 32 0 8 108 46 0 54 0 107 99 0 0 0 53 0 0 13 28 19 0 52 0 100 37 45 41 0 0 43
0 0 0 18 0 0 0 105 0 0 0 110 0 11 0 0 0 101 0 0 102 0 0 0 0 0 0 50 0 0 0 0 0 0 0 0 41 35 0 0
0 0 0 53 82 0 113 0 0 73 19 8 0 0 55 53 0 0 0 0 0 39 33 75 0 102 0 12 0 0 53 0 17 39 0 22 0 0 0 0
0 0 0 0 0 0 55 0 84 0 0 0 0 11 0 0 52 0 0 0 53 0 39 90 0 99 0 67 0 28 0 41 35 105 0 0 11 46 0 0
39 38 0 1 44 53 0 112 0 0 0 0 99 107 0 0 59 0 42 0 73 0 0 0 0 0 0 0 0 31 0 46 0 0 83 0 0 0 0 0
0 0 0 94 0 0 108 0 112 0 0 0 0 0 0 0 0 0 0 45 14 38 0 0 0 0 0 0 0 14 0 83 18 0 0 21 0 0 0 15
47 108 0 0 0 107 7 0 18 28 17 0 18 0 0 34 34 0 95 0 41 0 0 0 0 0 99 0 0 0 0 112 37 69 53 0 50 0 85 18
0 75 0 0 0 90 109 0 0 0 0 65 52 50 50 0 0 0 0 18 39 0 0 0 99 0 37 0 0 0 0 0 0 0 0 0 0 54 0 0
50 0 0 0 57 0 0 0 63 0 51 0 0 0 0 0 65 0 0 0 31 41 0 7 18 0 20 85 0 69 0 0 0 83 83 105 0 90 50 0
0 108 41 79 49 0 0 0 0 0 0 0 111 0 0 0 104 0 0 39 0 32 107 6 0 0 35 20 0 0 0 0 4 0 0 103 0 110 0 25
0 0 15 0 54 50 0 0 16 0 108 0 0 0 49 0 0 0 32 90 60 0 12 0 0 8 38 21 108 0 0 54 107 39 0 0 0 0 0 0
24 0 0 0 0 39 0 0 0 72 12 33 0 91 25 113 0 39 0 0 0 0 26 2 0 0 0 0 0 0 0 0 0 13 0 0 0 2 0 0
3 0 0 0 0 83 62 0 0 98 0 0 54 0 0 0 0 0 0 29 0 0 2 0 0 0 71 0 0 103 54 0 0 99 0 35 101 46 0 111
0 0 0 0 0 0 0 0 0 0 0 0 0 0 0 0 0 52 0 21 24 0 0 107 0 0 0 24 0 0 58 0 0 54 37 0 0 0 19 47
0 0 0 0 0 2 0 81 0 0 60 0 0 1 0 13 0 0 0 13 0 107 108 0 0 0 34 0 0 0 0 0 0 0 0 0 0 0 0 105
0 0 26 0 0 0 109 0 0 18 0 20 0 53 0 19 0 112 107 0 0 0 0 0 0 0 0 20 0 0 89 17 0 0 0 0 93 28 0 0
0 0 0 110 0 0 0 18 0 0 0 0 85 47 3 0 53 0 0 0 0 0 0 0 0 81 0 41 55 113 61 0 0 0 8 0 0 0 82 0
0 0 68 0 0 0 0 0 83 82 85 31 0 0 50 0 31 0 106 11 0 0 0 0 0 0 82 0 41 8 0 101 0 107 85 0 0 0 81 0
108 0 47 0 0 97 14 0 96 0 0 0 0 55 0 71 0 0 0 99 0 90 0 0 0 0 0 0 0 34 0 0 71 20 0 0 0 0 82 84
0 0 0 0 0 71 12 0 42 82 0 38 107 100 0 0 0 95 18 0 0 113 58 71 101 74 0 82 0 0 41 0 0 0 0 53 0 0 49 0
3 0 0 82 84 84 107 0 41 0 35 0 0 86 0 0 0 39 0 0 39 0 0 0 41 48 41 0 0 0 83 30 0 0 49 91 0 0 0 0
38 0 61 0 0 0 0 0 0 0 0 0 34 37 0 0 0 37 0 0 37 0 71 112 0 0 83 0 0 54 0 4 0 0 80 0 15 86 0 37
20 8 0 0 86 0 90 104 0 0 0 0 0 0 34 0 76 7 90 0 41 109 0 0 0 0 36 0 11 0 66 101 0 0 4 0 0 110 0 0
0 0 0 0 0 112 0 0 0 62 108 0 0 0 0 0 0 0 0 0 13 0 97 0 0 0 82 0 49 0 42 0 21 0 0 0 0 13 99 0
0 0 0 0 0 0 99 0 110 0 75 110 66 0 99 34 0 0 0 0 0 52 0 90 0 18 34 0 12 0 0 0 0 0 0 0 0 75 113 0
0 0 0 0 0 18 12 72 38 77 112 113 0 0 107 0 0 0 24 13 111 113 0 12 108 0 74 0 41 10 39 67 0 0 0 9 13 0 0 48
0 0 0 99 0 0 0 107 0 0 99 28 0 64 0 0 87 24 0 40 24 0 0 0 0 0 38 0 0 0 0 44 0 0 4 0 107 10 35 33
0 0 10 85 85 9 0 41 0 0 0 70 0 0 0 0 4 0 98 0 0 0 15 17 0 50 0 0 0 0 0 0 35 0 0 9 0 0 0 0
91 0 0 0 0 0 0 41 0 82 0 0 0 42 0 0 81 0 67 0 13 0 0 107 0 0 0 0 107 0 2 92 0 41 0 0 0 32 0 0
41 14 3 0 0 39 0 84 0 0 0 110 39 0 41 99 0 0 0 0 0 85 39 50 0 27 0 0 91 0 107 0 0 89 87 24 44 0 112 10
81 0 0 0 0 0 0 107 98 50 82 52 41 0 0 0 13 99 0 113 0 81 0 0 0 0 0 0 39 0 53 0 0 0 0 0 0 18 101 0
