45 74
0 0 472 0 0 258 0 0 111 0 251 0 0 520 76 303 234 0 0 120 0 0 0 486 207 0 218 0 0 0 403 0 0 305 0 0 0 0 318 0 0 279 0 0 26
0 445 471 0 0 0 0 0 0 0 0 0 0 210 0 228 0 0 0 0 0 164 0 0 381 0 151 0 0 0 7 0 72 0 0 0 0 0 0 0 233 382 395 252 75
0 0 0 0 420 0 96 0 0 0 0 0 0 177 0 0 0 0 0 0 0 0 0 0 197 198 0 0 146 316 0 0 0 0 0 0 11 0 299 0 0 170 2 0 125
0 323 377 0 0 128 0 444 304 14 0 0 0 0 13 311 208 0 0 0 0 0 0 0 0 0 0 0 0 275 0 0 0 0 0 0 485 0 0 194 0 0 312 1 0
0 0 0 0 0 416 0 345 0 454 0 0 0 0 0 0 0 0 0 322 510 0 498 0 0 0 236 0 0 0 0 0 0 0 0 0 0 394 130 0 0 166 0 0 0
0 0 0 131 37 0 0 0 0 0 0 0 0 0 0 0 0 0 302 0 0 0 297 491 0 524 25 0 0 0 428 0 0 0 387 16 0 0 82 47 0 0 0 0 0
0 366 149 0 0 0 134 333 0 0 0 0 0 39 434 0 343 255 360 88 0 95 127 0 0 0 153 0 0 0 375 453 183 0 0 0 0 0 247 43 226 0 142 0 0
260 310 0 0 339 0 0 0 0 0 0 0 0 0 0 0 0 203 0 0 0 238 173 0 0 0 0 0 0 0 429 0 321 0 480 0 0 0 335 0 331 0 0 0 0
259 0 0 0 0 0 0 91 399 0 0 0 0 443 0 0 0 408 0 0 0 0 0 0 373 0 0 0 0 490 0 0 347 0 58 0 0 0 0 0 0 0 0 0 0
123 0 161 326 148 0 0 0 0 0 0 0 0 0 436 0 0 0 413 0 0 0 0 0 0 412 0 0 0 0 283 0 0 0 0 0 0 209 0 0 0 0 0 0 352
503 0 33 407 0 0 0 489 0 0 0 0 0 79 204 0 31 0 0 0 67 0 0 0 0 0 0 0 0 0 0 0 21 266 0 0 0 0 287 4 0 440 24 121 0
0 0 32 0 0 0 0 0 0 0 0 0 0 0 0 465 0 0 0 0 0 0 0 193 0 0 0 70 0 0 0 0 0 152 34 0 415 261 0 270 0 0 0 0 0
0 15 355 0 0 0 0 0 0 0 195 0 0 348 0 328 102 0 0 0 0 0 452 357 158 0 0 136 361 0 369 206 0 0 0 0 0 0 501 0 0 478 0 0 0
0 350 0 0 0 0 0 150 0 0 0 133 0 0 0 100 0 0 0 0 0 0 0 0 0 0 0 0 422 0 0 0 0 0 0 0 0 0 0 0 0 301 0 0 0
379 267 0 0 0 0 0 430 0 0 182 0 0 0 0 22 0 0 0 0 0 511 0 132 0 0 0 0 0 0 0 0 0 0 313 0 0 0 0 0 188 0 0 0 0
0 0 0 81 0 0 0 114 0 0 0 0 0 0 327 0 0 0 0 298 0 457 0 0 0 0 0 0 0 418 0 216 0 0 0 0 0 0 0 55 0 42 0 0 0
474 462 0 0 0 0 0 0 0 0 63 274 0 94 0 0 19 0 0 0 249 0 0 0 0 0 370 515 406 0 0 0 0 202 0 0 0 0 0 0 0 0 0 0 0
0 0 0 451 0 0 356 0 0 0 0 0 325 0 0 0 0 0 392 0 0 0 0 0 0 0 0 0 0 0 0 499 0 0 0 44 0 0 0 0 0 0 0 0 0
0 0 0 0 0 40 0 0 141 0 0 0 0 0 83 281 0 246 0 0 0 426 0 0 0 0 0 0 214 0 0 0 0 0 0 0 0 0 0 0 0 0 0 0 212
0 329 0 0 0 0 0 0 289 0 0 0 0 0 0 308 0 364 0 0 0 0 0 0 0 404 0 0 0 0 342 391 263 0 0 447 0 0 495 0 264 0 61 0 0
456 0 0 0 0 0 0 293 0 262 314 93 0 469 0 0 0 0 0 0 80 0 0 0 0 0 0 0 0 0 0 324 248 0 0 178 0 0 0 0 0 0 90 109 0
186 0 0 0 0 0 349 0 0 0 0 241 504 192 0 0 0 0 0 0 0 0 0 0 0 0 0 0 0 0 0 0 521 129 0 117 0 0 0 172 0 0 0 0 476
0 285 0 0 256 52 0 0 0 180 0 0 0 0 0 0 0 224 277 497 0 0 0 86 384 179 0 0 0 0 0 0 0 0 154 0 493 0 0 0 0 0 396 0 0
0 10 0 0 0 0 508 0 0 0 0 0 424 0 0 0 0 0 317 49 105 0 0 0 0 0 167 0 441 0 0 0 0 0 0 475 378 0 0 54 145 0 0 0 0
0 187 278 0 0 0 400 73 0 0 291 116 0 292 0 0 0 0 0 460 0 89 0 140 0 0 0 0 0 409 0 0 0 351 365 0 0 0 0 0 0 0 0 0 101
0 20 466 0 0 199 0 0 0 0 45 0 0 0 0 439 0 0 0 265 0 0 0 385 0 0 0 0 0 6 23 0 0 0 296 0 0 506 119 0 354 0 0 518 0
479 516 363 0 59 0 0 0 0 0 315 0 0 446 494 0 0 0 514 432 0 155 0 421 0 0 0 108 0 309 0 0 50 0 0 0 0 0 0 0 0 0 0 269 0
0 0 358 53 0 0 0 290 0 0 165 69 0 0 0 0 0 0 0 450 0 213 0 0 0 0 0 0 0 0 0 0 0 0 0 0 0 0 0 0 0 367 0 522 0
71 162 0 0 0 0 0 390 253 157 0 448 0 0 0 0 0 0 0 0 0 0 0 0 0 411 0 425 30 0 0 0 231 0 64 0 0 0 0 0 217 0 0 276 0
0 271 0 0 0 0 0 181 0 0 496 0 509 0 0 0 0 0 0 0 0 0 0 0 0 0 0 0 0 9 0 402 0 0 0 139 0 0 0 189 254 505 525 273 0
250 0 0 0 0 0 0 0 0 106 0 0 0 0 160 389 122 0 0 0 0 468 0 0 0 62 29 0 0 0 17 0 334 60 0 0 0 0 0 0 0 0 0 175 174
0 398 0 0 0 0 388 0 0 0 0 0 0 0 0 0 0 0 0 0 0 0 0 225 0 459 423 0 36 0 0 0 0 0 0 0 0 0 0 0 380 77 517 0 257
35 0 383 0 0 0 0 159 0 0 0 41 138 0 8 0 0 5 220 0 0 0 0 0 0 0 336 0 0 0 0 0 0 0 0 84 0 306 0 0 0 0 0 0 433
0 126 235 0 0 0 0 286 0 0 372 0 300 340 0 0 0 0 144 0 0 0 320 0 268 65 99 110 0 0 0 0 0 0 0 0 0 0 0 0 184 435 0 0 0
0 0 0 0 0 0 0 455 92 0 0 0 0 0 464 0 0 0 0 169 0 66 0 0 0 113 0 0 0 0 512 332 0 0 0 0 449 98 0 0 0 0 0 0 0
0 219 0 0 147 0 0 0 0 0 0 0 0 0 163 115 0 0 0 103 0 0 0 0 0 0 0 0 137 0 0 0 168 0 0 0 0 0 0 0 0 0 0 0 0
414 0 337 205 18 0 68 0 0 374 519 0 0 0 0 0 0 0 307 386 481 0 0 0 0 0 0 0 437 0 0 0 0 341 0 46 0 97 0 0 0 0 0 74 0
0 0 0 0 0 482 353 346 0 0 0 0 502 0 0 0 0 0 0 0 0 0 500 0 0 0 191 0 0 0 0 419 0 245 0 87 0 0 239 240 0 0 143 483 371
0 0 0 0 0 0 0 0 85 0 0 0 200 0 118 0 0 0 0 0 124 0 0 0 0 0 0 176 0 0 211 410 0 0 0 0 458 0 215 0 0 0 0 244 0
0 319 0 0 0 0 0 0 0 397 0 0 0 0 0 0 0 0 0 28 294 288 0 0 0 0 0 0 461 0 0 0 0 0 0 359 0 0 0 0 0 0 0 0 0
0 0 0 362 463 0 0 0 0 295 0 0 0 0 284 185 0 0 0 0 427 0 0 0 0 0 0 0 0 405 431 0 0 0 0 0 0 0 0 0 488 27 0 0 0
0 0 0 0 0 0 330 223 0 0 48 56 221 487 0 0 0 393 0 0 0 0 0 0 492 0 467 0 0 0 0 0 0 0 0 0 0 0 0 0 229 0 344 0 0
0 135 0 0 0 0 242 0 417 0 338 484 0 3 57 0 78 0 0 0 0 156 0 0 513 0 0 230 0 442 0 0 0 0 0 0 0 0 438 477 376 0 0 282 0
0 0 0 0 0 12 0 368 0 0 0 0 0 280 0 0 0 0 112 38 0 0 0 470 0 0 0 0 51 0 171 0 0 0 104 107 201 0 0 0 0 0 0 523 0
272 227 473 0 0 0 0 0 222 0 0 0 0 0 0 0 401 0 196 0 0 0 0 0 0 507 0 190 0 0 0 0 232 0 0 0 0 0 237 0 0 0 243 0 0
0 0 229 0 0 378 0 0 385 0 0 0 0 0 0 0 0 0 0 0 0 0 0 0 0 0 0 0 0 0 0 0 0 354 0 0 0 0 435 253 339 0 0 0 0
0 0 0 0 0 0 0 0 0 60 0 0 0 0 506 0 0 0 0 0 0 0 0 457 0 136 0 0 0 0 0 0 0 0 0 0 0 0 0 0 0 0 0 403 0
0 331 0 0 0 480 0 0 0 0 0 216 0 83 328 0 423 373 0 0 0 0 0 0 319 0 0 427 138 49 0 121 0 0 293 0 0 0 0 0 0 0 63 0 410
0 0 0 0 493 0 520 0 0 0 0 0 0 0 0 0 80 0 201 0 0 358 111 0 0 0 0 273 0 0 0 0 0 25 199 0 0 0 0 0 0 0 355 0 0
180 0 446 0 0 0 61 0 0 492 161 0 0 517 0 383 241 0 29 232 0 0 59 0 0 0 0 0 500 0 0 0 0 0 0 315 0 0 0 0 0 0 38 0 0
0 90 478 0 0 105 248 0 0 0 0 322 0 0 495 0 0 0 0 0 0 490 0 0 74 0 0 0 0 154 364 524 5 356 0 40 0 0 0 207 0 0 191 0 220
0 0 0 0 0 0 0 0 0 0 0 0 0 0 0 0 445 0 0 0 0 0 0 0 0 0 0 0 0 0 0 0 0 436 0 405 465 0 0 0 0 0 0 0 0
266 0 0 0 0 0 124 362 42 0 0 289 66 106 0 0 0 0 447 370 0 279 0 0 0 0 0 0 0 0 0 346 6 258 0 0 0 0 0 0 0 0 0 0 0
0 0 46 0 0 0 0 0 0 0 244 0 0 48 171 0 476 0 0 0 0 0 0 0 0 86 0 0 0 0 0 0 0 0 368 0 468 0 0 0 518 499 0 0 0
115 0 0 0 0 0 0 271 267 218 55 0 0 0 414 0 0 0 0 0 0 0 0 0 142 0 0 148 0 0 0 0 0 326 0 320 512 294 73 0 0 0 0 0 0
0 387 0 0 0 0 433 0 0 36 0 0 0 54 0 0 0 0 0 0 0 0 0 384 0 251 0 0 325 0 282 0 0 497 0 206 0 0 219 140 0 0 0 0 0
0 0 28 0 0 0 0 0 0 0 0 0 0 0 0 0 0 0 0 0 302 0 419 286 411 0 0 170 0 0 0 0 0 0 0 0 0 0 0 0 81 0 0 118 0
0 0 0 474 152 0 0 0 58 0 123 0 0 0 104 178 0 0 422 0 0 0 0 14 472 0 0 0 470 0 0 0 0 469 0 0 0 0 0 165 0 51 0 0 0
0 0 0 168 0 0 0 438 0 0 0 0 0 0 0 312 0 0 313 0 32 453 0 0 0 0 0 0 0 417 0 21 0 0 0 0 0 0 287 0 0 0 425 0 0
0 0 299 33 0 0 0 0 406 0 0 65 158 0 8 0 0 501 0 0 0 0 0 463 342 0 0 212 1 0 0 95 0 0 0 0 0 0 0 0 0 0 0 0 0
0 0 262 0 0 0 295 0 353 0 0 0 0 0 0 0 0 0 0 0 481 0 454 0 0 50 0 225 0 0 0 372 0 361 0 0 0 0 0 0 0 0 0 0 274
0 87 0 0 0 0 129 98 240 0 0 0 169 0 0 0 0 0 369 0 176 0 0 0 0 399 0 0 0 0 0 0 0 0 0 0 292 484 0 0 0 0 0 0 0
0 0 0 102 0 0 175 0 252 0 280 0 0 0 0 0 0 0 0 291 0 0 0 0 334 0 0 412 0 0 0 0 0 0 0 0 0 277 0 0 0 0 135 0 0
0 0 0 0 0 147 0 482 269 0 0 0 0 157 57 0 0 0 0 0 456 0 0 249 0 0 0 386 0 133 0 247 0 0 146 0 0 0 349 0 0 0 0 365 0
0 0 0 519 0 2 0 0 0 0 455 460 78 0 0 0 0 0 0 275 0 0 0 0 0 413 0 0 359 371 0 0 0 0 296 0 0 0 0 0 0 200 0 0 485
0 0 311 162 0 0 0 0 298 0 235 0 0 0 0 0 0 351 0 197 0 0 0 0 0 0 0 0 243 0 125 0 333 392 0 0 0 0 210 99 0 0 0 217 234
0 0 0 0 256 0 0 0 0 0 0 0 0 0 0 0 9 101 0 0 0 0 0 0 0 0 0 0 26 284 10 0 0 0 462 0 230 0 0 0 202 0 0 0 0
0 47 0 0 0 0 0 0 0 367 77 0 228 0 0 0 0 0 0 0 250 0 0 505 64 0 0 0 184 0 514 0 306 363 0 0 0 352 0 223 0 0 0 268 0
145 0 307 0 0 0 0 0 0 0 508 0 0 0 0 0 0 440 409 0 0 0 0 0 3 194 0 0 0 0 0 0 0 0 0 0 0 44 0 0 0 0 0 195 0
211 380 0 0 0 0 144 53 407 0 0 0 0 0 0 0 0 0 139 0 0 429 0 0 376 0 0 0 0 281 0 0 0 0 231 0 0 0 204 0 0 109 0 127 467
0 0 0 0 173 0 0 237 0 0 0 366 0 391 0 71 0 415 151 523 0 0 0 0 132 0 0 0 96 0 0 0 0 0 0 0 0 0 198 0 0 0 0 0 0
20 0 0 0 0 149 0 0 0 22 0 93 0 0 0 0 0 525 479 0 179 0 0 0 0 0 0 150 510 0 393 0 0 0 0 0 421 0 0 0 0 0 0 166 0
0 0 0 0 0 0 0 0 0 0 375 0 374 0 418 0 0 0 0 0 0 0 338 0 0 0 304 203 0 0 0 0 0 0 0 0 0 0 515 0 0 103 0 0 0
0 0 466 439 0 0 0 0 208 0 0 0 186 0 437 0 0 441 0 0 297 0 0 0 0 451 0 0 0 222 0 100 0 0 0 23 348 464 0 0 134 473 0 0 0
0 0 0 317 0 183 0 0 0 507 0 0 0 0 0 0 0 0 0 0 276 246 0 0 0 0 0 0 0 0 0 0 0 0 0 0 0 309 0 444 450 0 0 242 0
67 0 126 0 0 0 0 0 0 0 398 0 0 0 0 0 0 513 160 0 486 404 0 388 0 301 0 0 0 0 0 0 390 0 0 0 0 56 344 426 0 0 0 487 0
254 0 0 0 0 0 0 0 0 0 336 0 0 27 0 0 0 0 0 0 0 0 360 448 0 428 0 0 238 0 0 0 0 189 0 0 0 0 265 0 0 0 0 0 12
0 329 0 489 0 39 0 0 0 310 0 0 31 0 0 0 68 0 0 30 0 494 107 0 0 283 0 0 0 7 0 0 0 0 0 0 0 0 0 0 318 196 0 0 290
0 420 432 0 0 0 0 0 0 0 0 0 224 400 260 0 0 0 0 0 303 0 0 0 245 0 137 0 114 0 0 0 0 0 0 0 458 89 0 449 0 167 0 0 0
401 0 0 0 0 0 459 259 4 0 330 34 0 52 395 0 0 0 0 0 45 0 0 0 0 0 0 0 35 0 130 0 0 278 0 0 0 37 0 187 0 0 0 0 502
0 335 0 0 0 0 321 0 181 0 0 75 0 116 0 236 0 0 0 443 0 488 0 272 0 0 0 0 0 0 0 0 0 0 0 0 0 0 182 0 285 24 0 0 0
0 0 377 0 131 0 113 350 379 0 0 163 0 0 0 0 0 94 0 0 0 0 0 0 308 0 0 17 323 209 0 0 0 0 0 112 0 0 0 0 122 389 0 496 153
0 0 0 0 261 442 141 0 185 0 0 0 0 0 394 0 0 0 0 0 0 0 0 0 15 0 0 79 0 193 0 190 0 0 0 503 0 0 0 0 0 327 402 0 0
0 0 0 0 347 0 0 0 509 0 522 0 155 0 159 120 0 0 0 0 0 0 0 337 0 72 0 0 221 0 226 0 0 0 0 174 0 0 0 76 0 0 0 0 316
0 0 416 264 0 41 521 0 0 0 0 0 164 0 156 0 0 82 0 332 0 0 0 88 0 0 0 0 0 0 431 0 0 0 0 0 516 0 0 92 0 0 233 0 0
0 345 0 0 0 0 0 11 408 0 0 0 239 143 0 0 0 0 0 0 0 0 0 0 0 0 0 0 430 0 382 192 0 0 0 0 16 205 0 461 511 0 0 0 0
0 0 0 0 0 471 0 0 498 0 0 0 188 177 0 0 0 0 0 0 0 0 314 0 0 0 0 0 0 0 0 0 0 19 0 62 0 0 0 13 288 172 0 0 0
0 0 0 0 0 0 0 0 263 0 0 0 452 0 0 0 0 0 0 491 0 0 0 69 0 0 0 0 0 0 0 117 0 0 424 0 0 0 255 0 0 0 357 0 0
110 0 434 305 343 0 300 0 0 483 0 0 0 0 0 108 97 85 324 340 0 0 0 0 341 0 257 0 0 43 0 0 214 18 0 0 0 0 0 0 0 0 0 70 0
0 0 0 0 0 0 504 0 0 0 227 0 0 0 119 84 0 0 0 0 128 475 91 0 397 0 215 396 0 0 0 0 213 0 0 0 0 0 477 381 270 0 0 0 0
