46 87
1129 946 0 915 804 164 1388 -1 1140 1257 -1 807 7 1000 1249 229 -1 1410 -1 -1 1501 719 785 -1 869 -1 1004 -1 857 -1 554 1287 458 221 1164 926 -1 401 -1 3 1294 1325 1124 1120 -1 925
268 262 -1 145 33 497 173 -1 179 -1 -1 -1 597 920 -1 508 1252 -1 -1 945 -1 490 -1 -1 -1 -1 703 -1 1176 438 -1 140 1205 -1 -1 526 739 1364 -1 1309 0 773 -1 351 -1 1370
-1 1029 1053 646 1012 -1 717 1375 -1 563 -1 214 308 364 1082 372 666 32 406 1123 1027 85 631 1147 1296 899 928 630 995 322 433 464 650 886 1290 79 -1 802 1408 -1 201 622 0 1265 393 895
-1 586 916 27 1310 29 0 966 743 -1 -1 -1 1394 644 -1 517 346 658 1253 436 -1 828 1102 1275 380 767 1437 572 -1 1365 1440 905 1390 734 -1 942 -1 -1 596 467 1356 1091 231 737 654 -1
412 503 832 594 359 -1 -1 870 712 1180 -1 619 1165 994 580 -1 813 0 -1 1360 158 334 -1 752 1193 768 428 1423 -1 152 -1 618 903 1179 1097 -1 483 1141 1170 -1 -1 1472 91 528 159 1019
-1 77 -1 117 447 684 143 1167 -1 -1 267 991 -1 570 1076 1188 -1 -1 688 799 1502 0 -1 975 162 -1 49 -1 384 818 1328 -1 -1 1293 26 1159 1330 228 454 727 114 -1 430 1079 1046 170
276 -1 820 312 404 -1 163 133 -1 -1 -1 1459 -1 502 711 582 100 434 76 -1 0 -1 301 -1 -1 -1 -1 -1 499 -1 518 414 741 626 -1 -1 491 1050 155 1084 -1 1468 -1 0 1071 101
256 17 -1 581 504 -1 365 1191 0 0 339 260 541 1435 12 983 641 386 575 674 1416 1259 425 1487 443 -1 952 460 347 451 -1 1032 210 -1 -1 287 -1 -1 -1 0 1156 0 634 1066 -1 913
1255 -1 -1 392 65 679 -1 726 470 1059 461 -1 -1 134 548 1083 -1 305 -1 156 -1 -1 -1 -1 -1 873 0 150 766 2 1337 -1 97 -1 -1 1006 716 812 11 858 1341 90 -1 637 1038 -1
30 -1 -1 1311 -1 -1 354 -1 238 958 1507 1099 -1 398 1306 1313 695 1222 -1 0 600 -1 1227 199 -1 -1 251 139 615 1061 1285 4 1385 1068 720 0 694 1172 -1 685 -1 -1 358 647 1088 375
758 604 715 539 1155 702 1426 373 0 24 1320 184 1134 429 1383 222 0 -1 1445 1349 791 1130 1174 31 876 62 182 -1 -1 -1 -1 1274 257 640 1251 1444 -1 1131 0 1304 591 1327 1064 1352 509 523
160 71 -1 -1 1098 111 1054 407 -1 -1 496 587 565 235 0 218 67 291 0 -1 -1 1052 1397 -1 -1 745 770 -1 488 -1 1326 1441 1492 1266 1215 961 -1 1297 1021 355 172 910 141 1070 477 1090
275 -1 583 986 51 1446 -1 1245 692 -1 0 1504 253 590 -1 1042 948 1003 61 408 661 1427 1158 -1 -1 1182 1286 -1 1489 121 981 -1 57 -1 409 -1 435 1342 -1 -1 1363 1277 66 852 544 0
1213 989 286 0 713 -1 691 0 53 607 1151 771 567 891 243 808 992 -1 -1 -1 -1 1332 1319 709 -1 1289 1240 1380 -1 0 -1 1008 1178 1044 482 1028 1409 -1 736 -1 746 209 0 1013 293 0
930 -1 466 1486 -1 -1 -1 1183 552 -1 -1 621 489 1429 148 -1 -1 245 1219 851 598 1448 103 -1 -1 -1 327 -1 803 -1 521 102 378 740 1279 1353 780 1428 1300 413 0 -1 -1 1418 -1 -1
882 227 1169 1420 957 -1 -1 233 -1 -1 708 264 -1 -1 863 911 478 875 126 547 1171 278 1264 498 -1 -1 52 1318 0 1465 331 940 487 1072 462 -1 -1 -1 1335 1056 -1 792 850 -1 748 1206
-1 532 -1 336 107 417 972 1035 789 536 883 198 265 279 -1 -1 282 -1 620 698 323 0 537 0 -1 678 1087 1105 69 1484 676 280 1203 1315 0 1262 0 403 45 137 1272 -1 270 315 -1 165
0 1470 -1 524 1145 -1 960 411 0 1002 349 1453 320 -1 540 246 0 700 -1 645 -1 -1 484 884 -1 0 1475 0 -1 1018 -1 36 457 389 213 452 -1 1207 -1 757 242 1086 -1 516 962 271
1214 -1 -1 367 -1 1121 1346 55 610 874 241 690 0 186 -1 326 657 431 1108 -1 507 1126 1177 1322 1344 0 -1 0 -1 1439 1497 505 -1 533 418 -1 1307 82 258 83 834 255 -1 1036 -1 193
455 1479 352 -1 206 181 0 888 122 -1 865 1450 1433 592 636 382 714 830 -1 405 -1 -1 144 0 -1 1412 191 324 835 -1 1467 195 -1 1340 1430 1190 -1 861 474 -1 6 1023 1280 1011 1160 847
1118 234 332 611 616 -1 900 593 738 1291 -1 -1 0 950 1447 670 687 89 8 -1 907 211 1187 1116 1455 1282 1316 667 1254 14 608 -1 1508 501 -1 1199 912 -1 426 1498 996 706 1135 627 971 846
1030 465 288 192 542 0 176 306 294 1048 1026 1425 -1 374 550 1217 81 1355 5 397 261 1228 985 819 566 936 1424 272 529 130 -1 -1 -1 1031 469 1062 922 559 821 1338 577 -1 64 0 1220 -1
202 266 510 744 790 1511 1464 -1 704 1211 -1 -1 1414 595 1025 1333 506 -1 898 755 1157 284 1128 954 338 0 -1 0 998 104 921 -1 1107 -1 919 0 299 1232 1078 0 -1 1233 303 -1 146 649
0 1201 340 129 1081 853 -1 -1 120 558 342 -1 -1 493 877 1020 823 -1 1515 60 -1 822 371 568 1457 879 797 1494 1276 0 718 1139 -1 0 683 285 1144 1100 92 929 617 -1 321 557 432 1334
756 843 -1 574 1017 200 174 633 316 -1 442 638 1434 19 585 480 1499 885 1298 369 -1 1113 -1 -1 513 1302 1358 551 -1 -1 -1 1122 1329 249 58 402 1422 40 764 335 -1 -1 -1 880 1283 1482
84 -1 800 859 699 105 297 1317 1202 56 0 -1 967 472 -1 519 840 1378 1308 -1 -1 693 0 420 612 0 918 578 68 203 448 724 0 0 776 131 42 1417 -1 395 656 -1 893 236 244 -1
963 1175 -1 806 1379 1466 955 1357 72 1395 1115 949 -1 -1 237 -1 655 337 178 259 1148 167 78 1244 632 1269 697 -1 0 723 1058 1471 -1 283 495 -1 1436 784 0 21 485 1336 614 0 1284 1359
-1 368 -1 1231 606 0 624 1512 -1 1361 864 1146 440 750 -1 1033 314 -1 0 1321 138 1085 810 1345 416 1373 343 -1 1092 1250 333 -1 453 824 0 866 96 157 -1 -1 1204 759 669 769 970 232
-1 70 935 841 -1 0 39 0 -1 -1 -1 511 415 515 1301 0 1350 1351 677 290 1514 1392 988 549 588 0 0 0 -1 -1 -1 302 1089 43 672 -1 -1 345 1495 728 292 -1 1354 941 74 892
938 94 968 777 207 811 747 444 1391 168 531 908 -1 978 844 263 350 341 -1 1143 788 1438 1016 -1 1442 1119 -1 396 561 944 -1 54 842 1111 -1 422 1195 816 1208 119 -1 689 273 1491 525 1369
142 -1 -1 -1 1136 560 553 -1 814 -1 1150 917 1045 28 1015 652 437 -1 -1 -1 50 1014 -1 -1 522 733 -1 -1 1374 1451 -1 931 304 196 295 124 730 -1 -1 1223 1377 1133 -1 1040 1469 982
-1 1221 116 -1 1051 1005 1421 0 1386 1161 731 1080 -1 -1 660 0 1117 -1 9 109 1402 765 951 0 762 -1 -1 476 1462 0 -1 -1 289 1094 1034 1393 311 815 628 1 623 1163 -1 0 959 -1
1456 829 1112 391 753 248 357 1009 1142 1396 1186 -1 1057 555 468 1474 189 783 -1 446 -1 1225 112 35 -1 -1 -1 564 749 115 793 817 601 1516 953 -1 296 1067 1488 226 1173 1419 -1 721 1041 -1
681 923 356 -1 247 -1 -1 1458 240 1154 901 1239 254 123 1127 635 -1 -1 648 987 1299 796 977 1509 -1 -1 1149 -1 37 878 1074 732 1162 1103 964 329 197 -1 761 423 344 388 -1 149 376 390
1229 1278 1063 132 -1 -1 974 -1 219 1060 -1 -1 -1 1312 -1 348 410 1192 1339 1075 1288 571 1238 48 1407 353 38 1258 46 -1 659 754 379 527 281 59 -1 763 -1 -1 -1 500 556 -1 1247 1043
1224 63 463 -1 1477 1331 328 976 997 1368 890 -1 -1 252 151 -1 1069 705 1261 825 1496 0 993 1343 735 205 -1 217 -1 1268 896 1218 1055 -1 298 475 -1 -1 381 494 1039 1110 -1 836 -1 10
801 106 1101 419 -1 512 -1 973 0 177 1506 188 0 845 0 904 -1 772 965 1401 682 -1 -1 421 642 399 -1 1216 88 924 25 277 1166 -1 445 377 -1 -1 837 673 1376 1168 707 -1 -1 0
-1 1292 1104 44 1256 867 385 778 16 -1 1209 848 1093 1415 1398 1037 400 1132 781 -1 -1 779 1314 -1 782 545 894 -1 110 1049 1347 230 212 317 93 760 439 1443 13 798 319 956 809 1125 99 980
663 543 310 1138 862 569 -1 775 -1 -1 625 -1 1372 449 0 838 -1 943 -1 535 1184 153 0 1024 127 639 -1 1367 1510 185 456 216 239 1152 1406 1500 643 95 538 0 868 1513 224 1405 -1 -1
-1 360 602 897 1281 1065 906 786 -1 1403 1411 573 889 1404 -1 1226 872 1241 -1 -1 -1 0 -1 1212 -1 -1 1505 330 680 -1 300 1181 932 0 984 1047 937 1413 576 1007 -1 479 154 -1 -1 -1
215 1485 23 307 1371 309 0 86 990 826 15 1490 313 1242 370 -1 613 -1 223 -1 136 1463 1022 125 1305 1077 366 722 1234 787 -1 1246 75 854 -1 609 147 0 887 584 1460 18 22 902 -1 135
171 668 1454 1197 325 909 108 1478 459 1248 -1 1010 653 -1 -1 87 1200 363 1153 0 855 742 1263 -1 579 190 161 169 1267 -1 -1 710 1243 562 795 -1 1503 1432 73 -1 1114 662 1194 -1 -1 0
1323 -1 1387 175 -1 1210 860 1001 0 -1 605 0 794 41 603 -1 1324 686 1449 -1 -1 589 1295 -1 1400 833 999 1273 1109 927 1236 183 -1 187 1237 934 1095 1198 914 599 0 0 665 0 856 220
-1 486 113 1382 546 839 -1 1137 -1 -1 -1 -1 80 250 -1 471 -1 427 696 -1 831 -1 725 675 98 1452 1366 -1 933 805 361 -1 -1 -1 20 0 -1 383 -1 -1 -1 1106 1493 -1 1481 871
1348 -1 1096 1480 0 1260 -1 729 274 -1 362 -1 -1 208 441 -1 118 1381 492 1185 1270 1196 514 450 -1 -1 166 -1 0 0 -1 1073 318 1189 1399 651 387 204 -1 -1 1235 629 -1 1473 -1 -1
225 473 -1 -1 180 47 1384 1303 0 269 34 1389 701 1362 979 0 969 -1 1483 1271 -1 -1 -1 939 671 424 1230 947 664 394 128 827 520 534 -1 1431 194 881 774 -1 481 1461 849 530 751 1476
132 313 0 1468 1377 1172 368 -1 458 1434 -1 481 383 379 0 598 -1 901 -1 -1 1021 1296 0 -1 1219 -1 1325 -1 826 -1 1114 152 361 1474 124 1272 -1 1295 -1 1209 886 347 179 0 -1 828
635 240 -1 494 1093 334 562 -1 396 -1 -1 -1 48 1492 -1 182 1203 -1 -1 203 -1 1401 -1 -1 -1 -1 954 -1 1054 1274 -1 318 1460 -1 -1 1221 474 876 -1 0 1071 1416 -1 1237 -1 591
-1 1215 667 0 258 -1 235 1292 -1 189 -1 678 252 769 405 511 89 33 708 778 229 0 1328 413 608 108 1009 580 346 633 423 1315 277 1278 31 16 -1 0 95 -1 775 1171 1508 482 1348 507
-1 615 1489 0 834 1060 914 578 902 -1 -1 -1 1244 1059 -1 412 175 138 384 1029 -1 1313 1198 499 489 153 722 739 -1 885 1340 90 649 1276 -1 1455 -1 -1 202 372 1256 1050 1258 732 1266 -1
973 1152 1130 460 0 -1 -1 1164 1231 283 -1 594 80 425 1252 -1 1280 1471 -1 1135 415 190 -1 1177 1245 53 526 262 -1 780 -1 0 199 512 1242 -1 0 22 292 -1 -1 549 1444 21 1257 337
-1 1111 -1 1264 1439 1078 545 286 -1 -1 219 662 -1 911 1316 0 -1 -1 683 397 800 1373 -1 1324 1390 -1 163 -1 1148 363 1108 -1 -1 930 358 87 757 1097 1387 641 835 -1 742 1277 1422 32
949 -1 847 1240 1217 -1 0 105 -1 -1 -1 1133 -1 855 1167 627 0 25 382 -1 531 -1 958 -1 -1 -1 -1 -1 1304 -1 702 1435 691 787 -1 -1 452 1004 630 1163 -1 464 -1 144 1371 521
142 1329 -1 919 338 -1 1088 47 599 331 1262 906 1350 1226 1076 278 701 200 983 1477 763 929 74 798 645 -1 207 327 520 0 -1 1124 1404 -1 -1 1186 -1 -1 -1 345 542 1327 692 1011 -1 1138
842 -1 -1 211 486 116 -1 699 1125 813 290 -1 -1 414 878 226 -1 259 -1 238 -1 -1 -1 -1 -1 287 674 149 208 890 644 -1 695 -1 -1 0 817 24 533 154 42 1042 -1 308 272 -1
94 -1 -1 1424 -1 -1 461 -1 0 1087 1346 110 -1 989 10 180 1431 165 -1 1238 491 -1 1105 861 -1 -1 1113 665 1070 1332 478 7 111 1137 515 827 1189 857 -1 38 -1 -1 922 1406 869 593
905 344 1035 1384 1307 761 349 1048 362 342 406 900 1345 1358 804 972 417 -1 1305 73 266 1281 1370 301 107 1284 1073 -1 -1 -1 -1 1349 184 0 685 1014 -1 46 0 1511 547 242 653 1427 64 0
164 1092 -1 -1 355 404 1027 584 -1 -1 1002 524 870 213 1249 1338 177 459 343 -1 -1 1210 475 -1 -1 134 799 -1 873 -1 690 82 572 1239 420 1214 -1 81 376 127 312 790 621 1101 402 1049
1500 -1 1410 713 909 388 -1 1369 43 -1 676 449 964 1423 -1 1407 204 429 1382 971 618 879 719 -1 -1 0 819 -1 884 40 619 -1 1389 -1 70 -1 892 418 -1 -1 125 1457 724 740 1132 525
75 1485 810 0 996 -1 669 427 1333 1015 605 700 63 434 0 117 714 -1 -1 -1 -1 1495 101 332 -1 718 455 214 -1 299 -1 554 772 843 558 130 716 -1 1512 -1 174 566 1106 1502 0 600
1379 -1 320 1119 -1 -1 -1 14 1149 -1 -1 1354 1169 774 1058 -1 -1 1178 551 1339 1351 1314 889 -1 -1 -1 1261 -1 1265 -1 227 896 1123 0 1341 1437 1331 447 264 698 993 -1 -1 150 -1 -1
13 921 864 671 15 -1 -1 1192 -1 -1 223 1069 -1 -1 102 1103 324 0 341 751 944 119 186 1409 -1 -1 731 1368 513 1116 1022 1290 0 375 113 -1 -1 -1 353 1395 -1 1228 126 -1 59 782
-1 285 -1 1112 859 1287 737 912 1176 247 435 96 903 844 -1 -1 1487 -1 1051 171 875 1117 157 57 -1 836 439 1155 1126 193 1362 497 1122 565 550 910 1319 1301 908 592 904 -1 659 851 -1 1129
1475 321 -1 50 845 -1 245 1381 140 863 0 975 984 -1 897 1077 862 632 -1 1392 -1 -1 825 123 -1 1174 609 730 -1 1128 -1 52 463 470 206 734 -1 932 -1 209 1196 1483 -1 1157 1440 191
681 -1 -1 1034 -1 1041 579 1311 419 1259 570 1505 1337 1436 -1 0 364 927 1478 -1 115 281 398 1399 781 468 -1 0 -1 587 1222 783 -1 0 854 -1 1165 210 1139 624 689 1158 -1 978 -1 704
106 201 1154 -1 808 1016 408 97 61 -1 1260 441 516 1107 1376 1025 98 1006 -1 848 -1 -1 392 792 -1 1516 571 945 0 -1 257 11 -1 679 1045 1102 -1 1247 1378 -1 34 1053 1496 1211 1463 942
1430 231 1454 1056 0 -1 269 0 433 877 -1 -1 946 606 196 359 733 456 436 -1 65 1230 1494 756 1100 0 707 0 1490 0 898 -1 225 696 -1 234 1398 -1 6 1326 581 1310 218 151 1012 451
121 564 967 867 1299 709 694 1180 846 1080 377 723 -1 1017 288 267 216 1183 1218 401 1480 0 1269 812 626 894 314 829 1195 988 -1 -1 -1 437 1141 280 1127 1383 161 496 770 -1 838 788 789 -1
673 675 416 1464 1279 0 833 -1 319 1023 -1 -1 786 317 1120 1293 1216 -1 1418 403 935 483 726 217 490 1144 -1 880 1175 1268 1397 -1 1447 -1 1104 333 1 399 1291 818 -1 530 1374 -1 1449 1068
1201 307 577 480 492 622 -1 -1 322 178 933 -1 -1 148 1072 133 454 -1 1028 1224 -1 796 469 1099 616 672 1263 755 544 0 642 856 -1 1143 500 956 785 1356 0 519 241 -1 1232 1204 656 137
109 1334 -1 484 940 595 888 1067 1461 -1 677 29 965 1323 664 260 309 597 924 0 -1 1090 -1 -1 1513 243 350 569 -1 -1 -1 795 1308 651 1018 1145 1000 638 1024 1364 -1 -1 -1 1151 273 2
1335 -1 1484 421 370 537 560 1357 0 265 1061 -1 754 1365 -1 296 1472 366 0 -1 -1 568 548 1153 1185 254 505 779 1044 596 36 99 824 766 385 0 915 712 -1 27 1168 -1 457 950 913 -1
112 465 -1 977 54 1179 20 814 249 303 948 1289 -1 -1 543 -1 1347 882 1303 1488 306 729 0 100 1413 274 760 -1 1062 23 1254 727 -1 1300 1426 -1 0 1421 1055 55 114 625 1380 980 380 62
-1 268 -1 0 176 168 1445 736 -1 443 291 325 17 430 -1 316 1202 -1 871 749 0 1343 442 1140 794 573 762 -1 28 1197 1411 -1 1046 895 1063 311 1083 1020 -1 -1 251 710 750 348 335 951
-1 1469 1223 985 -1 253 244 928 -1 -1 -1 1462 822 917 1181 297 1438 411 1082 390 764 1271 666 803 120 807 104 0 -1 -1 -1 0 1391 339 602 -1 -1 12 352 588 1161 -1 809 158 440 636
1206 1220 72 866 356 0 212 284 60 0 557 0 -1 658 604 1298 293 1109 -1 228 1514 1415 1156 -1 170 987 -1 1010 357 1479 -1 720 69 1200 -1 1033 139 1509 275 1118 -1 637 865 1282 118 528
735 -1 -1 -1 1170 30 534 -1 1081 -1 487 1160 323 1355 648 995 1386 -1 -1 -1 1302 1121 -1 -1 1115 162 -1 -1 67 1243 -1 589 159 966 68 999 613 -1 -1 688 976 652 -1 0 295 172
-1 504 378 -1 0 538 1007 1234 1360 51 1084 646 -1 -1 78 574 982 -1 858 0 1336 221 1085 981 931 -1 -1 1375 614 0 -1 -1 991 711 502 330 1452 532 26 479 0 0 -1 224 650 -1
270 1182 93 0 777 832 517 518 990 916 1396 -1 1131 721 1306 103 643 970 -1 1294 -1 907 860 1162 -1 -1 -1 738 941 1095 682 745 1255 305 1142 -1 514 1283 302 328 128 801 -1 883 1270 -1
1497 1225 1267 -1 233 -1 -1 1451 1466 553 1441 5 510 527 603 215 -1 -1 0 0 66 684 963 0 -1 -1 998 -1 141 1052 282 289 1213 743 601 1486 994 -1 351 957 1030 155 -1 509 255 881
1400 1166 462 1425 -1 -1 374 -1 611 583 -1 -1 -1 747 -1 143 839 326 654 934 77 1317 246 773 1503 811 508 0 1506 -1 472 1473 725 195 129 1184 -1 1446 -1 -1 -1 485 523 -1 88 1250
759 939 936 -1 668 891 997 0 263 1352 1235 -1 -1 1205 0 -1 1402 1481 498 0 19 1493 1312 655 815 974 -1 1199 -1 256 1320 1432 1504 -1 1096 276 -1 -1 0 1367 192 1091 -1 239 -1 753
893 431 1190 918 -1 1499 -1 400 329 959 686 0 391 232 185 0 -1 797 187 230 741 -1 -1 393 628 952 -1 561 1246 169 1442 541 872 -1 1372 279 -1 -1 1040 887 261 1229 960 -1 -1 183
-1 395 1066 1227 953 453 852 840 85 -1 0 0 0 0 567 1241 1208 943 938 -1 -1 758 501 -1 1110 1330 147 -1 471 387 1212 612 0 1003 467 1318 315 1385 793 639 37 1194 0 450 354 1159
1288 300 205 1001 1147 663 -1 746 -1 -1 0 -1 687 1207 381 146 -1 837 -1 1429 1507 131 0 1150 410 585 -1 336 697 920 198 1057 424 44 197 1187 607 1322 556 1359 535 926 1064 1173 -1 -1
-1 776 0 1233 771 1038 1039 1236 -1 45 495 1019 979 1412 -1 1361 1031 1388 -1 -1 -1 373 -1 1321 -1 -1 986 426 503 -1 640 1047 969 86 0 0 248 647 369 0 -1 968 0 -1 -1 -1
805 160 1193 791 1408 446 367 76 1342 961 389 823 575 166 432 -1 1419 -1 1065 -1 1456 617 680 145 298 0 1405 992 49 1037 -1 1248 1275 1079 -1 1098 181 1448 294 1136 0 529 816 407 -1 1515
849 35 444 1285 488 546 1089 0 899 850 -1 506 765 -1 -1 629 590 477 925 806 693 1188 438 -1 194 304 768 955 1344 -1 -1 445 310 1417 657 -1 1465 41 1428 -1 923 715 0 -1 -1 705
1453 -1 0 1491 -1 1094 623 91 250 -1 1394 784 1134 540 586 -1 582 0 188 -1 -1 744 56 -1 8 820 0 831 0 360 576 1458 -1 703 58 1450 0 39 1146 122 821 563 1013 1459 717 1433
-1 1075 522 1363 841 371 -1 1366 -1 -1 -1 -1 962 448 -1 1286 -1 422 620 -1 1420 -1 1476 1498 539 1032 1074 -1 1414 409 802 -1 -1 -1 84 1482 -1 476 -1 -1 -1 830 1510 -1 0 1393
79 -1 634 947 1191 173 -1 1026 1253 -1 222 -1 -1 748 1086 -1 71 868 1251 661 493 236 386 1008 -1 -1 135 -1 874 1403 -1 555 156 18 728 1043 1273 752 -1 -1 237 1467 -1 3 -1 -1
536 0 -1 -1 767 0 394 0 552 670 610 167 340 428 631 1036 92 -1 4 136 -1 -1 -1 466 0 1353 83 937 1443 271 1309 220 660 1470 -1 853 1501 1005 0 -1 9 473 706 365 1297 559
