49 120
750 444 367 1940 1725 1430 1935 808 283 96 2011 1344 80 2391 1902 1371 130 1406 2045 233 540 394 463 989 1682 529 1565 1520 1758 1518 1474 717 996 1657 464 1747 1600 504 167 207 1070 2189 143 369 2236 868 630 2049 1130
406 1117 1788 2035 190 1890 1249 1757 1844 104 915 2245 416 1374 571 564 1557 405 2290 872 1961 1133 1211 2327 674 2174 708 1987 1236 1631 83 1795 1057 955 1442 1049 262 2047 1833 1594 1958 351 1887 505 459 1534 562 688 1414
1548 1382 54 1134 1434 1322 1712 1362 111 163 968 581 228 1752 1706 620 1340 1386 147 2294 1587 957 1689 1700 252 1842 1623 5 2357 1121 1254 1245 2211 1104 1819 1021 149 467 516 1732 889 2328 100 2067 1003 559 101 1746 611
904 1751 1235 2126 1693 1462 1485 2200 2129 345 1893 1543 1863 1821 411 1924 686 120 1715 2165 1326 241 2239 2042 465 2033 1811 1878 332 1193 2242 731 1481 1263 1043 861 1538 279 2020 2252 2376 25 2257 2151 642 140 424 288 2001
2106 1720 633 2173 370 1486 37 1257 1535 443 67 1898 403 757 1372 1126 90 591 566 1707 61 1125 1439 2351 2256 409 1078 407 2390 2276 1776 1029 1743 1800 1105 2219 2164 2307 1409 749 984 804 830 2108 1656 2057 742 925 2378
313 1171 2364 2215 1024 590 133 336 672 1058 1229 2028 2289 801 2240 944 1633 692 321 2134 901 404 2312 1103 1052 1672 684 1124 997 587 412 462 1710 2089 1015 2400 324 543 511 1938 2398 2284 46 2123 30 1835 523 1166 94
40 1102 357 1388 667 2076 1066 2395 659 1755 1828 2370 875 664 1096 526 720 1401 1699 617 593 1019 1864 2342 1567 1767 542 2279 1107 209 812 1930 1948 381 2296 20 1465 2038 718 623 1496 452 2248 1500 434 217 638 1376 1659
414 1358 594 1056 933 2119 1627 2087 1027 1744 144 229 573 1396 33 496 174 2213 1971 378 1939 1031 1502 1187 1272 1266 625 330 1786 567 1489 446 168 1724 431 1622 959 195 1916 296 1390 1135 2396 681 949 2272 1703 417 1384
103 2112 896 196 917 2093 1350 27 2315 2039 1991 1859 836 756 1562 311 986 815 1734 483 1922 846 1203 1580 1761 1303 314 493 294 1941 837 783 1708 1427 1865 1875 1914 895 1533 1832 2268 6 1652 2006 1032 621 702 637 1540
2332 791 1588 1201 1829 604 1342 2363 1200 574 1018 1854 1045 173 900 1760 643 779 2394 576 1507 1920 719 420 441 873 219 891 1178 1295 833 471 1806 2311 2014 2353 1885 1634 220 1160 2321 1011 501 2135 2032 1173 1077 1451 1256
1649 956 2082 2181 2068 1814 1679 2041 629 1523 1183 2261 798 696 838 1643 469 1154 259 1989 1331 1421 1387 253 1012 2059 1779 73 2152 2077 912 1640 536 1392 66 1856 98 1002 631 1841 2266 491 161 1429 1167 75 1359 2206 730
2130 475 303 437 2026 1636 1705 1996 1113 11 777 1216 2250 2203 871 583 275 2343 1642 1150 1191 1943 766 1483 580 265 1831 806 318 2313 276 1646 1412 498 622 1157 923 481 1273 189 110 1488 563 255 177 1253 713 1457 1445
814 773 738 1188 59 281 818 2191 1825 192 486 1088 1424 1422 510 328 1455 1525 2109 166 179 251 211 422 1936 2295 135 892 1558 1820 1243 2323 1361 990 134 305 1153 278 753 1122 297 1694 84 945 545 277 880 402 1244
2308 1337 2100 851 2330 652 2194 1778 1402 1619 1095 458 2105 2359 379 212 711 307 0 79 1818 1312 1195 2292 1876 2072 1334 206 1559 1613 1512 1283 1711 1531 508 1883 1478 1345 844 1668 1549 817 1400 261 3 1754 249 380 605
1364 1389 1838 820 1793 1067 344 599 1879 240 1415 1450 860 487 346 2179 99 267 2065 602 122 2249 1240 1589 1355 519 582 2201 1214 353 1493 457 1230 1086 1391 2160 2043 1053 970 1737 1123 793 2356 877 1692 585 445 1206 2002
1926 1040 1423 520 1647 2172 2379 1036 349 832 382 665 1110 668 1985 512 472 1766 1094 876 2116 93 1848 568 517 245 1250 1226 839 1995 1654 683 17 1738 234 656 51 497 1955 421 1667 532 1750 358 1716 1974 146 1921 781
1321 1817 926 1905 2127 560 1456 1428 2387 2258 1025 1148 76 1499 355 478 612 257 1471 1756 298 242 2157 107 2210 2058 2117 2115 2143 141 807 1942 454 721 878 187 2192 883 1918 19 2027 312 499 439 1911 364 552 139 724
845 2136 1676 2000 669 1479 343 1246 2232 354 1241 2180 615 164 1901 153 1994 150 778 375 1810 535 1189 1874 811 1255 2128 2322 1641 2183 920 534 137 881 1410 1807 2270 661 687 1615 1648 2086 2017 23 9 204 1307 1436 1616
788 1172 1674 290 428 158 735 315 691 671 1085 2029 226 347 128 247 586 329 479 2188 2097 2150 663 16 1175 280 2132 2048 960 2053 831 368 2339 1753 841 733 527 1459 371 125 2350 295 64 1984 105 2081 2288 1278 2010
2227 282 225 572 2263 1498 1480 138 1895 913 934 1385 515 595 2113 2091 2397 1900 2088 47 495 1762 1120 430 1225 1675 1179 1490 1769 924 1210 1284 1584 662 1354 1380 598 1417 951 335 58 432 216 1608 1975 322 2092 2369 460
1660 764 1209 1435 1976 2354 56 1433 1080 326 1560 2149 2198 1701 2133 91 2098 1881 2169 1595 1582 1894 1658 203 980 273 1777 613 748 2386 2034 208 223 1625 1717 325 751 1289 1554 1981 921 1338 1690 1915 1239 2167 2275 1248 1014
1083 694 200 52 415 1957 1155 2382 1521 1578 32 455 1686 1609 236 608 1827 922 809 1092 908 1797 1165 1896 230 2231 2365 178 1546 886 569 1568 701 1969 2118 1294 317 393 737 334 392 39 2074 1419 2349 588 770 2355 488
2187 1802 939 2384 2360 1000 1847 1967 2346 1997 962 2223 1846 1539 746 1782 1367 435 614 1476 1951 1889 194 1650 1446 193 1332 34 712 885 579 1008 1860 2040 1576 2170 1973 1528 1219 760 440 197 985 1431 1933 1416 186 725 856
795 988 707 805 790 2104 339 1638 1238 1377 1730 1606 2238 2285 2205 1177 1687 176 1527 1612 1629 2221 1506 834 1517 1569 132 2358 1116 937 609 786 714 649 426 796 126 365 710 1541 1098 2036 1360 1196 418 327 121 2333 260
755 85 1904 1144 1 1999 975 657 2385 2138 2166 794 31 1801 1304 1298 1319 1343 1443 2052 1106 670 685 1274 524 1927 2260 1247 2196 635 1059 703 1867 695 1162 2044 546 1223 1519 2162 180 2251 650 771 938 940 1062 397 842
1908 26 916 603 1749 1775 1313 210 800 62 1983 1325 1790 1952 854 1979 761 1524 2102 256 60 1812 1727 1868 780 2344 95 1564 1140 2070 2362 597 2212 1530 1181 816 1383 117 1899 1286 640 331 1555 1330 1803 300 1065 1592 1139
1403 341 1413 634 2237 1335 1906 2389 903 449 1395 1664 704 129 553 2306 1158 1968 1510 456 698 1169 254 1556 1739 600 1136 1204 1917 993 727 376 1986 1783 413 1671 198 425 1849 1596 2247 644 2229 666 1666 765 114 55 636
2209 978 1509 651 991 843 1728 1128 2007 870 2084 136 1151 1259 1221 914 722 732 1740 2145 2147 1163 1262 992 1487 2352 72 792 1624 124 50 1020 102 1505 1346 734 123 1903 2186 2024 1798 490 2131 935 2163 2073 1662 705 1264
1087 1834 1184 292 857 1959 1042 1327 360 1977 116 1553 1288 395 2269 578 827 1673 848 1965 374 1218 1773 2090 1550 769 825 2066 1308 2185 1962 1511 2235 1366 1356 13 152 1963 1495 1947 2012 1840 1454 1347 271 503 966 171 743
931 1044 1316 1306 2050 1579 1771 2195 1460 2366 1037 525 1477 1202 943 849 1405 890 1152 1853 1222 1143 199 1822 507 906 2329 160 1850 2139 1297 2114 7 448 1381 264 709 847 1369 2055 1870 1212 1464 1038 1115 10 1379 2383 453
1069 538 1514 1473 1571 1035 762 2110 468 1220 1492 853 1826 1888 1742 858 1118 1407 1644 1726 1302 1542 1440 1688 221 2246 1453 1736 1141 2111 2222 2176 1791 1441 1593 1258 624 979 2254 641 2388 1329 1869 1149 2305 2159 1466 628 754
1497 1046 596 819 4 1626 799 388 745 1276 589 627 2083 865 972 12 49 882 607 1602 142 1234 2375 677 1845 69 477 2096 1470 514 1645 391 1277 2316 1545 1048 68 28 548 2241 1691 1697 476 1677 2340 1741 1872 320 2297
1733 2120 930 759 38 2004 119 74 1061 1839 898 1934 299 1618 1880 1494 646 803 1964 470 2300 1913 2309 1448 485 2142 1532 433 1268 1501 565 1227 2331 1551 1282 1228 340 2303 1317 2124 2225 1279 263 1280 1357 706 1639 953 1017
551 2377 43 2380 1931 715 1009 181 632 2253 2243 489 1882 202 2341 2009 2283 1607 1232 1897 2348 1180 361 323 1735 893 1353 1815 2161 182 1665 1192 1537 1891 1261 291 1570 396 36 884 2056 1142 2156 1393 243 224 86 8 2317
547 1946 2018 1774 1680 2197 1271 1713 2277 1503 1339 1601 1526 1336 2064 1198 1978 1174 2031 2069 42 1164 1237 1447 1621 213 1093 494 1544 1614 1611 823 2374 1992 1109 1420 1928 2233 927 1799 1945 1260 1168 48 1573 2019 2208 1988 1670
888 2244 22 1333 1324 2217 1054 1784 2154 729 2298 1296 2228 716 2218 1208 1813 826 1552 1063 561 1678 2392 2372 1620 744 850 1039 53 537 1923 626 2005 500 44 1399 1368 1397 1378 1585 1683 964 338 172 645 2022 866 231 201
1566 1301 575 362 268 482 1529 235 372 2158 1877 557 63 2299 950 909 676 942 1437 1099 1855 2125 1871 1698 1785 183 237 205 869 1458 2262 929 541 1768 1275 690 936 1661 2393 1251 2320 502 1475 1990 1089 2144 363 618 1349
1418 2080 752 319 78 1023 1016 35 113 1586 1516 2345 2075 741 787 302 1628 2184 697 270 648 1953 480 57 2063 584 304 965 736 1591 961 1186 1310 2141 1119 419 1704 813 1932 983 1508 2230 159 700 829 835 1770 897 1937
373 24 2278 2037 484 1804 2325 77 1287 963 2121 647 1108 867 1001 2319 1669 1663 1176 447 1315 616 550 131 1824 21 337 1695 1950 1145 1252 473 919 1072 969 739 689 1484 2021 301 1759 1449 170 1084 1398 1590 1956 1685 1861
1194 2054 218 423 1138 1076 1091 974 1599 1907 1598 492 987 398 789 109 451 1836 1341 1852 2190 115 528 274 879 887 1796 215 911 377 995 2046 286 2193 2202 1789 2175 269 1005 2061 1764 928 693 266 1910 852 2146 352 1949
1718 2085 227 1745 2178 71 359 2291 555 610 954 1320 1132 1998 1079 1655 946 774 185 1723 165 2338 289 1966 1269 2337 408 660 821 606 238 385 2137 2094 531 1197 673 1073 272 1632 151 1912 1461 1071 2271 2182 802 1010 1780
859 2273 214 874 1772 1468 474 1603 1068 1224 1267 1572 2171 577 1862 316 169 1047 387 982 1028 556 2008 763 740 442 1182 156 1394 2373 1375 678 175 239 2334 1709 244 910 1131 1729 2204 1681 1892 2015 2030 723 1281 2274 1469
155 1199 1444 1041 554 410 112 250 2155 1787 89 822 1311 1426 592 776 2025 401 1190 1482 1960 675 1006 308 863 82 1147 1513 1075 383 1583 188 1129 145 1097 1970 976 509 747 1292 810 2140 619 1866 2177 1060 2099 907 1857
81 1291 530 1504 1404 2214 2003 1561 2107 2013 2199 2148 952 1837 1536 958 2 1919 2304 15 973 1909 70 1285 65 1792 1242 864 902 1365 2207 1074 1217 932 828 1100 1452 1851 438 1127 386 1013 1114 2153 2335 840 1886 1830 2103
2367 1563 2267 2264 1170 285 1816 2023 1411 2060 1290 1213 1702 1944 1328 785 2336 41 1112 258 2326 1146 2234 1630 2280 310 2347 977 1034 2281 348 918 1111 1858 97 1873 1617 1055 309 1064 1925 127 1604 154 293 999 1348 855 1605
728 1547 2314 1030 2071 1808 2301 232 767 2310 758 1425 1610 549 1515 350 1722 682 1185 679 1794 506 342 1696 461 284 522 824 148 513 1993 558 384 601 1843 1231 1781 1637 1370 2101 1207 106 947 287 1373 222 1323 1090 1574
570 436 1033 333 2168 1522 533 1137 2259 1432 1765 2368 1635 653 1300 654 1714 1805 1026 1954 797 1721 1004 862 246 1684 1270 1731 782 45 1007 772 2220 1081 658 157 1980 1309 941 2287 981 539 775 784 1215 118 87 521 899
894 2255 108 2078 248 1491 1101 2371 2381 427 1363 2062 1748 967 1082 1719 2302 1929 1823 1467 998 184 518 1438 1763 1972 726 2079 2122 1161 639 2324 162 1581 390 1463 1305 948 2095 1205 655 1884 88 2399 994 14 2286 2361 905
450 429 1577 1314 356 2282 1022 768 1156 1299 1159 1472 2224 1233 1653 2016 1050 544 389 1651 466 1293 399 92 2051 680 400 18 1809 1351 2226 29 1318 366 306 2293 2265 1265 1575 1051 971 1408 2318 191 1597 1982 2216 699 1352
2138 1933 1333 1224 358 949 1676 2332 342 312 1155 459 1396 2015 168 1987 1513 1925 600 465 2087 725 2326 1548 625 800 24 251 635 790 1011 1480 613 2266 1566 1755 1539 1663 537 1173 157 23 2330 1120 936 461 1283 1343 1406
696 587 1035 45 781 2090 2392 614 2141 1317 2075 341 2029 991 327 1648 2297 2204 2000 1891 539 733 1738 1622 1237 2152 756 931 1803 479 412 572 1656 2038 1906 784 386 146 883 646 1701 989 199 1417 128 1348 1108 2106 2019
552 2126 1085 1836 573 877 129 1336 9 565 634 2026 1048 2271 716 863 1721 527 1736 831 85 1705 780 1355 592 2031 2341 2014 1747 1832 2239 1371 1231 1857 746 285 86 782 764 1982 1799 848 955 1956 2371 271 1804 1775 1555
1630 1715 437 96 1880 261 1187 147 1905 111 1389 203 1529 674 1316 1381 1202 914 597 1211 1773 204 1243 18 907 1643 1575 294 2387 2217 2167 1 533 828 2001 2293 1635 1552 2308 623 1695 1044 1760 941 1298 2318 574 41 2036
1375 971 1675 0 1652 2166 1383 405 1262 1113 900 721 1443 1806 1597 2040 1890 926 797 2199 1309 167 1571 1973 170 150 1673 1129 448 1082 1885 2393 928 278 87 832 1742 2391 1017 1585 1025 1596 1200 852 591 1201 718 1914 98
355 1508 61 1449 627 962 1710 2234 1748 1411 786 2033 2081 1060 515 1789 1429 2235 805 2073 1123 1616 2229 1757 1811 2209 2263 1426 1253 1097 1127 1306 1730 1434 35 2265 1512 642 1978 548 116 1232 102 986 2354 1365 1682 137 580
1323 1486 14 1608 2057 1289 281 1238 286 519 2097 1314 407 1019 1194 1287 2232 182 330 1122 2246 112 1190 1520 227 2054 1895 1782 376 645 638 55 1627 1507 377 874 2030 562 1307 2276 2157 1847 1899 2277 304 229 1379 1172 2328
2043 1121 1896 915 1325 1484 1408 1503 2127 2094 372 603 1711 676 124 1994 1239 821 483 889 1697 1534 2285 1501 850 1849 334 2242 1145 2227 388 2370 946 46 1724 738 1883 549 321 1866 2062 1415 2362 2286 399 174 348 1540 1758
2035 1489 1256 2384 884 1446 558 1558 1893 1638 1723 2273 1567 1823 1140 920 162 1769 2244 861 1445 2329 1739 279 148 1481 1075 2074 1233 1453 2112 1217 1690 56 1228 2139 1783 568 1780 331 336 525 1376 202 1452 54 1312 489 963
1247 2003 450 2279 375 561 314 532 563 254 406 36 417 704 701 567 1975 1731 1999 53 1387 33 1776 2130 2194 383 2018 1488 83 468 1637 471 1495 1080 19 1658 185 608 1546 1700 595 2192 679 1115 1271 1107 2381 798 1946
138 609 1827 192 2122 1278 1330 544 581 711 2083 2178 1304 16 495 1834 2267 1609 566 2233 791 909 1861 79 255 181 474 1639 1603 913 2346 680 1005 2156 1297 1843 140 1062 2238 1848 1763 82 516 478 2196 1801 522 1034 260
2214 2021 1877 612 1003 868 2165 2218 804 187 235 1709 1430 661 724 1257 1451 1510 1580 846 2091 1971 845 2349 1467 492 1099 2175 2148 892 1154 2086 2121 1015 2136 1300 1547 1469 2272 1485 452 1092 531 905 219 1533 1436 1209 200
714 2102 101 1049 2249 1478 118 2132 319 1409 602 2041 1459 1146 1958 84 726 719 1188 2134 1079 1931 2077 38 193 1010 52 787 1821 2222 902 15 487 1620 2153 1579 107 1159 2080 30 528 1473 1138 134 585 283 795 2131 853
1593 1310 1356 2117 1936 1900 2098 1612 972 2312 69 1636 2100 1106 142 1889 322 2304 11 1521 2223 858 490 1178 210 2183 1424 2301 1788 1683 1685 1492 1143 1240 123 2208 396 1929 1549 1800 1947 78 1043 1037 2280 873 367 703 796
1970 747 715 1734 456 451 1388 2365 1392 849 751 62 390 859 1725 1774 22 1762 628 464 29 486 2063 1421 2025 1928 1927 1189 2002 2333 2020 2008 1386 21 1578 1204 2264 630 730 100 1665 318 1750 1753 1461 1438 1186 901 2259
1661 702 445 1894 2187 400 2186 2109 1605 1315 1826 2300 607 268 359 1051 836 1504 1499 1328 1432 1490 2195 1693 344 1344 226 1208 2228 4 1916 890 1384 632 298 224 1959 776 326 1324 709 76 1572 1223 356 977 362 1455 497
886 2278 180 93 1591 2101 2189 1538 411 2248 120 981 620 2274 392 2230 1752 706 705 391 2128 8 2006 1854 13 2237 2105 1008 269 1577 930 744 610 639 689 1294 313 395 2190 992 960 1149 650 626 2379 755 2089 2076 1004
1006 73 1679 1487 1791 394 1270 1858 89 1479 1651 898 1535 1706 214 1888 1496 1171 778 875 1134 1974 1610 161 2375 2058 198 1236 835 211 340 1362 2315 1918 2039 538 1979 969 1807 346 2177 713 1855 1111 789 1574 2202 1168 1691
1433 155 996 117 710 1786 2257 249 799 239 659 1465 230 1862 443 280 252 908 1598 1743 2135 622 1714 1819 48 1767 1163 1674 2275 1570 1626 2048 643 547 296 1966 1013 1660 300 1865 717 1615 954 1165 447 39 1908 404 906
698 1563 1179 2016 1250 1525 1684 2390 1493 1428 2210 94 2154 1764 1599 1195 1968 51 2137 1830 551 369 1882 1124 1881 508 1284 1242 2191 74 244 398 1264 624 830 655 1026 1460 1779 2084 1167 2185 929 1802 265 731 1553 432 1235
2261 2307 1391 1588 899 1272 481 178 95 1255 882 1924 2072 760 26 658 1277 172 1835 63 1274 774 1502 1805 2396 837 2258 221 1170 2052 1851 1116 498 1269 1628 2024 20 583 317 440 114 247 350 438 295 34 687 27 535
393 1589 1245 1852 1998 2113 984 695 520 2363 99 1357 2383 1288 1177 1258 779 513 446 2268 1837 475 421 6 923 132 647 328 1442 477 1649 1405 115 1902 862 361 1625 1342 1385 2321 1090 1740 1913 1397 1607 2368 1792 1698 1181
1144 288 2111 1291 988 2066 1169 553 1704 2399 1359 1474 2144 122 379 2060 1820 740 1039 1032 1556 1766 12 2147 2331 47 770 933 2240 1367 590 1103 301 2317 1394 582 911 1447 1311 2225 1542 1266 415 171 2213 605 2116 1153 2327
1064 1377 2220 1846 2176 480 2376 109 807 389 1185 240 826 1139 1087 606 267 289 2096 1623 948 2146 500 1364 1369 1581 973 1537 869 1225 1345 1707 870 403 2216 1761 2334 833 1680 1554 518 1308 1511 195 216 1526 1295 1655 1363
1921 1212 2350 1182 1640 2260 2149 669 1067 865 2224 2115 1216 827 1427 303 1666 2170 1349 765 1991 546 1070 648 2302 1440 577 1086 1672 1815 225 660 2164 1523 472 1825 1824 666 766 1230 2256 953 1522 1425 139 241 332 2023 387
2320 937 2236 1162 1972 1569 2155 1812 306 1494 793 750 1590 206 1664 598 1018 1439 667 697 838 2079 734 1206 1158 409 785 839 1868 1980 2211 1642 1352 505 891 419 454 131 380 1741 1907 166 1222 1678 351 1477 1838 998 2306
1912 1118 1142 1543 1901 2247 1957 881 1985 1102 820 1600 7 2182 2241 1594 274 242 2287 1922 188 1708 1128 611 1299 1587 2049 752 1964 691 1737 1624 2088 1619 17 1073 1816 1152 2252 282 2140 1280 2348 2219 175 311 1033 2118 677
904 2143 840 896 2082 413 324 534 160 220 1817 2 1614 2193 678 2032 1326 397 1621 2395 2359 2250 159 523 670 1840 918 384 433 272 1506 2078 2310 151 1514 588 264 975 860 1592 381 956 1532 28 1472 1787 1845 2161 1318
455 2044 2010 208 2369 2099 186 374 333 119 1059 2373 1808 1094 888 323 967 633 1056 2311 1932 1565 287 64 1268 872 816 1412 266 619 1509 1688 1422 2305 1096 759 817 1002 1358 1400 130 163 897 1945 2051 536 1259 457 1251
297 59 1214 741 72 2269 2319 847 2124 1735 2366 25 1720 1582 1833 2314 385 2174 1981 1963 466 1403 1943 1810 1267 1437 476 570 1869 924 1061 688 444 1016 458 616 1942 2184 829 1915 1320 2288 682 2295 366 2270 2070 822 1696
1632 2397 2215 1213 1828 1795 2283 559 1879 1125 1071 425 2056 2342 1818 92 1853 1416 1798 579 364 601 2207 5 299 236 2169 1856 1689 685 999 1719 31 2119 1475 753 1448 2343 2198 994 2361 851 1584 2313 215 1874 1350 1068 1586
1458 1923 1754 1926 1114 1199 1077 681 2163 1471 1057 2046 978 357 1001 1950 1374 292 699 1770 1054 1536 2142 1657 1618 594 1175 2181 2188 1100 1347 1036 1393 2344 2104 1654 1662 1712 503 2291 584 2009 179 1419 1063 509 2047 1398 1450
1249 2022 1332 1617 2382 652 1203 1431 246 2253 233 2069 1842 152 543 302 1790 1104 771 207 1166 1093 1220 792 754 2017 153 1500 917 2358 373 343 571 259 1813 1399 2303 1030 1634 218 1053 121 1647 213 250 541 1410 1164 2085
526 1784 1872 434 925 401 231 37 656 2123 1464 173 773 1867 1303 2377 2316 1606 1669 640 686 749 578 496 1074 2065 1771 1135 1331 947 2388 1726 1935 767 307 460 3 113 880 420 2360 222 484 290 1390 1141 1457 511 1822
423 325 1101 103 1058 1218 844 493 1382 1728 2323 2309 2162 1244 857 952 2158 2394 662 550 618 867 1000 1293 470 814 1273 449 1517 469 739 794 1541 463 209 864 514 277 1687 2200 958 1498 1463 2028 2255 184 2150 1066 275
1098 1841 970 291 990 135 737 2108 919 422 1910 2103 2262 1937 1759 402 2107 927 1611 418 1038 596 273 968 1205 1302 427 1089 637 1844 2053 494 506 194 1944 1174 1117 700 993 1996 1671 1645 1955 1373 2251 813 1132 1629 2050
1717 1965 1903 1949 473 1777 258 1028 615 430 90 2055 1829 212 517 629 183 1081 309 2004 49 599 783 1863 2012 165 720 1864 1573 1193 1022 1353 1892 1667 1340 1948 2231 1794 1418 243 1917 310 1530 2254 1653 1126 40 903 1940
1346 1468 866 1023 1148 228 338 488 982 1713 1335 834 1286 1313 1939 133 316 1729 1462 1091 2380 263 893 106 1254 462 1524 1515 2201 2296 248 320 284 997 1746 653 337 684 1361 1993 1873 556 190 1692 980 354 2226 1962 2292
1207 1920 1395 995 1055 1131 429 1366 1031 1876 1157 1860 2037 1119 81 879 1198 673 748 641 245 1951 428 1246 636 1887 2337 957 1276 1702 104 91 1668 2357 1961 154 1215 143 1041 2203 1226 1732 555 485 966 232 2093 1839 808
1076 2352 60 672 1292 1568 1290 1814 1930 657 944 1911 270 378 910 1279 126 1988 712 339 110 105 136 196 1040 950 524 742 2180 1351 815 1024 2059 1275 108 1751 945 1718 823 1559 2045 530 2294 1793 542 1686 743 1413 729
68 1176 1984 569 1265 560 1042 1368 1551 951 2160 841 1319 453 762 2378 217 736 964 521 10 1505 2013 621 802 1334 985 664 156 1046 2172 644 2284 593 1969 939 441 1631 668 651 335 2168 1519 1583 604 1252 253 758 1576
735 431 809 693 1423 540 1516 1703 177 819 1989 1749 1778 2095 1941 1544 801 2007 2133 2340 2061 439 1047 1986 501 1234 1248 1898 617 1733 2159 223 575 1130 934 757 1659 2339 545 2034 2398 1456 1497 885 382 1329 777 1768 1407
1402 2129 2298 707 1009 1990 467 1301 2324 149 363 1072 1197 1871 1870 812 769 654 1105 2245 775 1518 2385 1241 44 825 810 1420 1745 1953 191 197 803 276 1338 1337 1021 1083 2336 1210 1904 1850 2120 1650 2221 665 42 1977 2364
1110 1909 315 1483 67 2206 1527 683 1109 1404 1378 1045 237 1229 932 1219 1595 2299 1380 1727 368 1339 1112 2353 1476 1545 1557 895 1781 974 1180 1196 65 1878 818 141 1370 371 1952 256 176 722 788 1897 554 2290 1136 1550 2367
961 1681 768 308 408 58 2197 1470 80 824 125 1954 921 1327 1341 201 1414 414 1491 1296 1646 1065 2374 912 842 1435 1831 1765 935 1992 1133 1466 671 77 144 732 2355 1221 1809 365 410 2068 424 1441 2345 2243 1227 983 1528
1282 1156 1919 2351 987 856 942 2005 1995 442 2092 959 1670 772 43 370 2114 1644 763 1967 2071 127 1562 2325 1401 502 1976 1321 1183 352 2335 97 2067 2372 894 745 2281 871 1191 2347 1084 1150 2205 1884 723 649 1564 2338 510
57 976 589 1997 878 1482 507 329 349 491 436 189 164 1601 345 2389 1859 663 238 1360 169 499 347 1699 854 1797 145 262 979 965 1796 1147 675 2145 32 692 1934 943 75 2179 2282 557 257 1785 1263 504 529 761 1875
1694 360 728 1772 1633 1561 1722 1285 690 71 1261 1604 1560 2064 512 1983 1960 694 1014 843 2125 1716 1069 2011 564 1281 887 586 1613 482 576 855 2322 1151 1305 1886 1372 2151 2386 2400 2289 1454 1444 1161 50 293 922 158 811
1012 205 1602 916 1029 1184 234 1322 876 940 70 727 2027 2356 1078 708 1137 1050 1052 631 1641 435 2212 1260 1756 1531 806 2110 1192 426 2171 1677 1088 938 66 88 1007 1354 2173 1027 353 1744 2042 1095 416 305 1938 1020 1160
