50 130
-1 114 46 209 175 88 125 -1 102 207 0 -1 86 266 217 90 0 154 150 0 0 234 279 28 -1 29 66 250 2 101 -1 219 209 37 61 0 -1 0 -1 156 273 0 -1 261 0 232 129 0 0 -1
0 42 0 209 87 19 0 -1 118 120 0 53 -1 177 -1 -1 -1 28 0 209 207 172 227 103 -1 0 225 1 29 178 120 0 246 0 0 -1 48 33 0 69 58 -1 0 -1 0 130 0 -1 131 251
268 0 156 -1 30 6 0 -1 205 209 -1 250 -1 0 -1 41 156 17 -1 -1 -1 -1 -1 -1 216 174 179 182 64 0 122 -1 189 0 0 -1 12 105 121 66 -1 37 0 0 -1 0 -1 -1 -1 -1
65 -1 155 0 225 195 -1 -1 -1 0 264 0 161 -1 218 136 251 130 0 -1 209 93 0 15 -1 20 142 103 20 -1 0 234 214 28 126 87 194 165 11 198 133 8 -1 0 42 0 65 0 135 0
42 223 218 -1 98 176 162 52 227 245 244 190 -1 0 -1 200 2 0 -1 -1 172 58 0 0 -1 0 -1 260 0 22 103 149 0 0 262 0 0 0 51 -1 156 -1 77 208 211 -1 218 199 -1 165
105 -1 0 71 -1 165 194 249 0 0 195 109 273 -1 196 72 130 124 0 0 131 246 -1 -1 -1 -1 273 219 -1 157 103 0 102 66 265 77 -1 167 156 221 278 0 73 279 42 0 1 0 175 107
65 0 64 58 0 83 -1 196 124 0 -1 42 0 -1 265 0 141 0 44 52 268 35 160 216 0 233 -1 -1 -1 240 268 61 38 -1 0 0 0 -1 166 0 0 173 0 0 251 119 42 92 142 0
17 -1 0 12 12 155 122 -1 0 165 7 90 129 0 -1 0 28 12 -1 205 131 0 0 0 -1 130 120 205 0 218 -1 -1 165 0 211 279 99 146 0 218 123 -1 216 165 186 83 257 167 185 157
208 -1 208 142 261 83 160 0 216 269 0 235 177 265 0 0 -1 0 7 0 273 -1 264 258 0 257 0 0 132 58 -1 0 177 130 -1 63 167 42 0 0 17 66 208 0 238 225 52 235 155 84
279 146 167 101 13 -1 0 265 120 36 4 0 0 262 0 -1 273 221 78 235 9 -1 0 251 198 21 0 -1 -1 251 149 171 217 112 193 -1 -1 179 251 -1 131 0 -1 107 222 148 0 19 177 273
-1 5 44 93 46 219 0 66 -1 131 -1 205 0 -1 187 0 0 65 183 -1 37 225 33 0 242 220 -1 46 205 -1 0 -1 218 156 279 29 156 -1 0 0 65 131 25 0 230 77 115 -1 141 -1
210 220 -1 208 195 0 0 150 19 208 -1 25 255 108 -1 80 205 0 208 -1 128 80 32 5 149 7 238 112 0 62 33 102 0 205 -1 265 109 12 205 156 -1 0 189 50 229 0 0 0 0 0
32 0 255 -1 272 -1 22 132 0 -1 174 -1 -1 16 -1 43 0 0 9 138 0 0 33 174 164 -1 0 270 -1 -1 -1 60 169 42 -1 0 81 0 207 -1 0 72 -1 3 0 -1 0 49 131 50
229 0 236 0 199 149 128 130 52 0 24 -1 -1 153 -1 0 40 266 46 9 42 40 -1 -1 47 70 208 -1 211 -1 0 -1 30 151 33 90 238 0 0 266 194 22 94 266 0 0 7 15 -1 37
13 83 112 214 3 -1 10 251 1 0 172 275 -1 0 197 169 0 56 220 116 190 -1 -1 178 0 0 156 -1 -1 49 266 225 44 -1 0 42 -1 0 101 37 105 219 22 142 21 -1 0 0 238 241
243 250 258 190 28 29 0 -1 42 -1 0 259 92 126 60 -1 -1 0 -1 112 156 0 0 -1 279 83 24 -1 203 83 65 0 42 149 10 0 0 186 -1 210 -1 -1 47 0 0 -1 0 -1 1 0
0 0 115 0 136 26 0 -1 28 0 36 158 0 15 87 103 260 264 246 198 58 0 61 85 213 -1 -1 44 101 23 0 0 69 222 32 0 103 279 132 227 -1 31 0 0 251 65 0 -1 -1 25
88 32 107 167 -1 -1 -1 0 262 161 130 17 183 69 264 6 179 120 -1 109 0 227 112 225 0 97 149 149 80 32 8 0 -1 80 115 92 0 0 205 32 0 0 0 -1 26 171 -1 101 279 0
120 131 -1 103 0 0 205 180 0 131 255 -1 90 15 112 164 0 273 -1 216 160 0 29 0 37 0 -1 0 142 0 211 0 -1 -1 28 117 183 141 52 0 190 249 273 211 22 120 -1 82 -1 115
177 203 273 205 273 -1 20 186 33 24 0 241 277 186 42 120 109 55 34 103 159 120 -1 15 0 239 195 107 152 -1 55 112 -1 85 266 248 0 0 112 -1 165 66 0 131 15 176 147 -1 70 -1
-1 78 280 33 248 2 0 142 50 -1 -1 226 130 -1 161 177 0 205 202 99 107 186 23 0 115 0 28 8 211 -1 83 -1 120 279 103 7 120 225 1 273 102 83 0 0 -1 113 246 -1 130 107
214 5 262 0 0 101 0 2 -1 273 31 23 211 -1 134 168 0 24 0 52 210 0 257 0 0 210 197 219 90 194 178 0 159 129 131 -1 65 229 -1 -1 -1 103 163 -1 99 248 -1 -1 0 0
239 194 251 -1 0 -1 92 -1 0 2 0 -1 235 219 272 88 214 214 279 0 145 205 18 273 222 -1 101 -1 156 241 219 0 161 24 135 225 -1 -1 -1 31 -1 139 -1 -1 238 273 -1 205 -1 265
0 -1 -1 60 122 99 0 -1 146 248 -1 132 0 80 177 183 0 273 174 -1 -1 0 0 217 -1 0 -1 278 -1 2 29 219 214 83 0 254 -1 -1 7 266 95 107 214 -1 212 0 136 100 -1 73
0 149 58 262 43 112 210 273 -1 0 88 -1 0 273 -1 245 189 12 132 -1 29 -1 0 186 0 1 0 0 146 262 83 186 0 -1 88 -1 151 165 43 209 90 21 26 250 179 -1 0 176 0 25
222 52 200 -1 -1 67 225 -1 0 50 -1 0 273 102 182 108 42 0 -1 102 227 16 90 90 0 158 214 216 26 -1 268 159 50 -1 262 35 0 2 259 -1 211 178 -1 0 -1 0 273 16 133 0
0 66 90 -1 -1 74 207 0 0 248 -1 0 279 264 0 0 275 101 0 0 230 88 105 0 -1 0 -1 112 -1 65 -1 -1 156 248 0 -1 0 -1 80 -1 255 -1 202 -1 104 269 265 112 195 -1
-1 -1 43 -1 -1 44 0 48 273 191 -1 0 -1 0 238 47 0 -1 0 15 0 249 265 279 0 273 0 111 0 42 0 251 -1 190 214 185 0 0 69 116 46 -1 10 0 65 259 0 219 0 0
-1 64 99 214 21 -1 0 199 -1 0 -1 0 23 166 -1 0 203 251 174 176 0 0 -1 232 29 0 0 17 183 -1 213 248 88 238 89 -1 -1 0 23 23 -1 174 0 0 0 234 -1 238 17 92
-1 40 184 19 -1 134 226 254 -1 -1 -1 0 0 9 205 0 0 -1 -1 79 188 46 3 183 -1 8 71 110 177 114 -1 -1 0 255 110 0 -1 51 100 0 165 -1 -1 -1 28 128 83 -1 -1 20
48 219 32 0 218 0 99 2 162 0 161 211 28 57 0 0 0 16 -1 120 -1 115 0 36 260 190 156 25 -1 134 0 216 178 119 -1 -1 0 -1 257 0 253 262 121 -1 237 273 112 209 262 0
0 196 0 278 0 58 -1 126 -1 80 204 -1 33 42 248 219 251 21 273 22 186 28 132 -1 166 253 -1 -1 181 0 60 0 0 -1 203 -1 196 -1 -1 224 32 247 0 235 60 214 0 149 -1 -1
131 72 215 73 214 156 120 156 247 205 178 0 40 90 -1 0 184 202 58 168 0 10 205 238 0 9 0 253 238 0 69 0 234 120 29 190 203 -1 0 -1 -1 0 73 0 37 214 0 -1 0 183
273 0 241 129 -1 22 212 -1 77 -1 112 113 0 149 161 220 43 45 142 266 146 182 24 225 21 -1 -1 28 0 0 133 0 220 71 19 -1 208 -1 -1 0 0 -1 205 -1 0 119 191 -1 20 130
42 217 0 10 73 -1 -1 49 248 -1 251 112 121 66 217 195 52 0 0 0 203 214 0 225 65 105 258 0 66 0 0 24 186 258 -1 52 -1 73 24 -1 130 177 120 -1 7 -1 -1 0 66 83
0 226 213 0 -1 -1 16 0 115 -1 207 88 69 -1 166 166 -1 213 134 186 16 127 198 0 0 106 0 172 3 162 171 0 219 0 205 42 -1 -1 0 -1 -1 241 -1 22 161 0 159 169 -1 -1
-1 0 61 141 -1 131 253 0 -1 212 135 -1 218 0 0 166 55 120 164 120 61 256 0 24 41 -1 -1 205 259 -1 0 206 234 -1 247 -1 136 -1 262 214 142 0 126 22 0 0 76 0 255 143
114 -1 211 0 272 0 18 52 58 133 29 253 269 128 -1 -1 -1 -1 138 -1 205 109 249 237 0 -1 201 166 0 112 0 -1 132 0 -1 0 28 161 50 -1 0 132 -1 120 133 0 132 40 -1 -1
112 207 250 130 -1 -1 177 210 7 -1 131 107 0 112 273 209 247 120 0 128 262 -1 130 185 0 -1 142 -1 0 0 0 0 20 -1 73 0 -1 11 -1 0 -1 159 0 183 127 21 154 0 30 0
159 0 -1 212 -1 33 76 0 165 85 120 184 42 182 146 -1 0 0 0 0 251 91 24 231 125 0 -1 161 259 0 -1 29 0 135 95 -1 195 42 96 17 0 2 102 65 -1 65 61 0 0 47
0 0 156 139 0 177 -1 0 0 -1 92 0 214 32 105 0 -1 194 22 278 -1 251 135 135 -1 238 -1 42 0 254 -1 196 -1 24 218 203 -1 172 207 64 0 273 -1 9 120 -1 206 143 120 -1
-1 -1 24 190 191 149 83 -1 238 33 91 -1 131 248 -1 248 -1 190 220 -1 0 216 219 128 93 0 178 -1 0 149 115 240 0 90 31 -1 122 99 0 42 -1 66 0 0 0 149 184 179 0 273
214 83 16 79 127 156 31 -1 248 205 20 0 216 0 83 -1 0 195 94 115 -1 27 28 0 -1 68 121 205 28 -1 227 183 227 0 0 79 274 219 52 -1 27 33 -1 0 -1 -1 -1 229 -1 264
39 14 0 263 222 255 137 204 6 0 0 127 0 195 0 -1 57 273 265 170 85 62 -1 241 25 173 217 -1 0 47 0 -1 -1 2 273 -1 183 -1 0 -1 189 251 120 131 207 112 208 249 248 112
167 273 0 0 10 -1 265 191 -1 0 107 -1 -1 -1 2 213 273 -1 0 247 0 36 13 -1 -1 130 0 176 69 102 -1 0 40 -1 241 205 -1 -1 -1 -1 278 265 -1 273 2 0 279 159 0 144
216 157 103 34 119 59 -1 -1 -1 3 -1 75 205 186 112 36 0 172 0 128 -1 141 211 214 0 -1 72 223 192 90 234 0 220 121 0 93 28 3 0 0 0 0 131 189 132 -1 252 0 273 0
112 254 234 79 -1 161 109 0 172 79 0 -1 128 134 44 195 -1 235 178 23 0 0 191 140 -1 0 -1 73 256 228 0 21 78 21 221 -1 189 -1 0 0 -1 213 -1 -1 -1 0 42 58 0 -1
46 279 -1 -1 -1 65 -1 -1 0 150 0 178 -1 -1 -1 67 240 57 -1 119 256 15 0 262 -1 149 217 271 -1 0 0 0 84 0 182 -1 -1 37 60 194 108 -1 212 70 42 0 112 120 -1 -1
0 0 7 66 54 -1 146 112 21 228 195 -1 218 24 0 -1 0 -1 14 45 98 0 0 278 0 173 156 0 0 148 0 253 0 0 42 47 260 175 219 165 176 134 -1 149 136 90 32 -1 20 -1
-1 0 276 268 161 -1 -1 265 137 0 0 0 200 35 83 121 267 183 60 105 0 87 -1 85 0 132 40 -1 0 253 -1 -1 0 219 165 226 0 134 0 51 61 0 65 136 33 13 -1 248 85 190
-1 24 24 15 44 47 42 -1 120 205 195 -1 0 112 60 131 57 0 0 132 218 42 7 0 -1 0 166 25 0 0 -1 207 7 100 0 26 -1 66 -1 25 219 235 -1 42 93 134 39 210 28 -1
0 280 83 216 225 44 258 -1 0 16 20 0 -1 245 -1 -1 -1 0 34 112 2 52 207 219 -1 7 125 140 1 146 226 61 24 35 255 -1 0 211 128 246 0 -1 156 -1 211 273 21 -1 262 0
65 178 0 -1 225 0 24 -1 36 194 -1 0 -1 0 -1 50 103 120 -1 -1 -1 -1 -1 -1 120 0 15 195 0 0 0 -1 249 73 251 -1 259 148 279 25 -1 80 0 102 -1 179 -1 -1 -1 -1
198 -1 0 183 142 191 -1 -1 -1 265 0 16 12 -1 178 184 0 173 0 -1 0 99 24 172 -1 221 0 131 164 -1 0 115 273 178 73 77 0 17 36 19 205 101 -1 66 23 207 186 69 0 129
65 265 219 -1 60 74 0 101 49 0 0 60 -1 272 -1 216 0 42 -1 -1 0 251 61 46 -1 143 -1 177 57 90 161 42 25 33 28 67 238 120 182 -1 3 -1 248 29 278 -1 45 120 -1 192
0 -1 178 193 -1 232 28 0 0 0 0 0 279 -1 0 121 167 195 121 25 98 153 -1 -1 -1 -1 21 0 -1 0 88 132 0 0 218 0 -1 186 196 25 212 241 0 272 0 63 214 128 0 0
218 0 134 154 0 205 -1 0 2 0 -1 205 157 -1 0 251 256 161 0 258 11 0 103 247 279 212 -1 -1 -1 0 273 28 128 -1 42 112 112 -1 185 184 197 0 121 255 186 0 0 203 273 101
62 -1 0 251 0 83 0 -1 0 253 0 264 125 240 -1 182 38 7 -1 149 3 190 220 262 -1 210 131 61 76 0 -1 -1 109 120 65 0 112 177 132 90 264 -1 0 28 159 115 27 165 47 203
165 -1 22 257 183 0 0 116 90 88 99 0 120 241 0 186 -1 161 90 0 131 -1 0 0 29 0 141 0 205 130 -1 0 264 238 -1 88 66 0 28 178 0 107 113 0 107 216 22 209 95 217
52 11 238 99 167 -1 91 142 80 21 0 203 28 9 0 -1 162 0 154 23 130 -1 95 22 102 266 0 -1 -1 137 151 250 0 165 65 -1 -1 42 107 -1 0 161 -1 43 0 51 24 195 16 131
-1 120 0 0 190 99 32 0 -1 205 -1 0 0 -1 251 134 0 29 0 -1 0 0 205 6 90 41 -1 93 72 -1 52 -1 108 159 238 29 234 -1 0 2 130 58 103 276 79 99 100 -1 86 -1
262 251 -1 0 208 191 32 0 0 0 -1 194 0 29 -1 2 156 0 62 -1 165 229 243 0 83 0 165 0 0 26 69 0 0 0 -1 18 195 44 232 66 -1 0 49 146 128 101 218 141 87 0
225 207 80 -1 0 -1 219 2 0 -1 205 -1 -1 92 -1 19 273 29 268 101 5 216 0 221 248 -1 0 265 -1 -1 -1 73 0 241 -1 69 211 210 60 -1 0 65 -1 0 149 -1 265 0 0 0
172 0 219 0 131 183 226 32 0 71 0 -1 -1 0 -1 270 130 214 0 19 0 24 -1 -1 81 0 217 -1 120 -1 16 -1 156 214 58 127 150 20 0 115 0 250 0 0 42 144 178 214 -1 217
0 0 64 115 0 -1 0 222 273 37 87 0 -1 228 159 248 14 112 75 202 205 -1 -1 273 257 42 0 -1 -1 262 6 196 79 -1 0 0 -1 65 8 269 120 0 211 0 130 -1 0 0 214 0
131 0 134 146 246 0 88 -1 107 -1 273 248 85 209 0 -1 -1 0 -1 170 179 15 197 -1 0 171 0 -1 158 268 83 50 206 133 0 146 0 219 -1 255 -1 -1 37 22 120 -1 0 -1 174 156
67 2 0 0 0 130 21 -1 186 279 0 110 131 180 9 0 0 222 31 0 196 0 44 241 248 -1 -1 73 15 167 254 50 0 22 126 205 273 177 0 10 -1 0 0 0 36 28 0 -1 -1 70
190 156 218 251 -1 -1 -1 33 0 246 247 115 205 236 0 166 42 142 -1 52 149 0 172 0 50 20 36 0 205 136 33 55 -1 0 152 227 112 160 207 219 227 0 0 -1 65 139 -1 165 115 16
225 12 -1 249 120 23 28 73 128 60 227 -1 199 2 58 102 23 142 -1 0 0 177 0 219 141 0 -1 66 266 134 0 0 -1 -1 0 126 52 149 102 83 78 93 0 240 249 0 -1 273 -1 248
241 174 0 0 3 -1 250 208 102 0 166 26 47 42 148 234 0 199 273 0 83 79 -1 83 0 0 12 120 273 -1 40 251 -1 248 218 13 273 279 17 -1 235 272 147 0 248 70 0 -1 178 -1
-1 121 273 88 111 265 149 0 52 -1 -1 28 218 -1 120 120 235 0 49 48 259 84 42 3 255 0 194 205 0 -1 0 -1 241 177 0 69 225 156 61 6 189 273 112 162 -1 277 208 -1 131 238
149 0 43 0 0 239 52 274 -1 217 273 206 109 -1 10 65 0 0 87 13 0 26 0 200 0 208 264 109 168 109 42 130 120 0 132 -1 135 0 -1 -1 -1 278 0 -1 7 0 -1 -1 72 176
134 46 0 -1 166 -1 92 -1 90 273 121 -1 0 273 209 257 0 155 0 0 0 258 0 273 0 -1 216 -1 61 242 0 0 249 205 156 219 -1 -1 -1 94 -1 142 -1 -1 22 0 -1 248 -1 273
256 -1 -1 226 77 165 136 -1 0 112 -1 190 46 115 77 72 91 23 0 -1 -1 159 253 0 -1 22 -1 262 -1 279 0 0 174 230 0 176 -1 -1 183 210 0 127 40 -1 0 130 273 257 -1 182
273 0 255 0 156 107 156 181 -1 0 205 -1 61 258 -1 0 103 177 259 -1 246 -1 216 0 0 259 1 0 69 115 0 131 129 -1 217 -1 55 151 239 267 97 245 161 182 71 -1 227 0 73 0
0 32 172 -1 -1 186 198 -1 209 186 -1 2 33 5 4 77 260 184 -1 135 0 133 124 0 213 189 225 17 66 -1 65 177 0 -1 41 262 24 0 0 -1 28 112 -1 0 -1 0 0 217 0 0
0 0 130 -1 -1 205 0 112 189 109 -1 3 0 266 117 32 123 220 0 85 0 21 273 214 -1 17 -1 190 -1 0 -1 -1 166 0 0 -1 83 -1 266 -1 146 -1 0 -1 156 52 126 210 7 -1
-1 -1 46 -1 -1 0 0 159 31 30 -1 58 -1 1 42 78 247 -1 176 0 238 214 92 268 278 238 101 183 136 0 0 149 -1 83 13 259 92 12 42 279 172 -1 0 105 162 88 0 251 106 273
-1 196 21 205 76 -1 0 131 -1 30 -1 149 119 102 -1 203 156 103 64 103 0 209 -1 136 0 0 2 0 172 -1 0 0 54 225 0 -1 -1 120 0 90 -1 48 161 65 0 188 -1 156 0 278
-1 0 250 0 -1 233 190 9 -1 -1 -1 42 256 273 65 209 214 -1 -1 32 0 251 120 0 -1 0 0 131 262 0 -1 -1 0 0 17 28 -1 20 234 33 0 -1 -1 -1 219 83 8 -1 -1 194
213 40 0 0 134 0 0 108 187 273 32 0 0 0 136 66 150 176 -1 0 -1 9 71 229 105 214 22 80 -1 0 0 0 165 0 -1 -1 120 -1 273 90 132 42 278 -1 150 253 219 35 28 21
0 0 0 43 120 0 -1 83 -1 178 37 -1 0 130 220 92 273 0 101 93 15 0 0 -1 32 0 -1 -1 161 205 161 135 0 -1 211 -1 0 -1 -1 273 221 173 229 266 157 161 234 0 -1 -1
252 234 73 0 0 0 0 191 0 205 102 0 21 143 -1 149 183 20 130 216 105 167 209 0 0 174 122 0 238 0 37 127 219 0 0 0 61 -1 222 -1 -1 149 185 133 0 24 10 -1 58 17
175 265 114 0 -1 191 8 -1 202 -1 83 172 28 211 0 234 83 225 0 0 94 0 0 265 248 -1 -1 40 136 46 0 0 55 0 208 -1 24 -1 -1 142 0 -1 268 -1 156 33 0 -1 68 66
0 214 33 120 225 -1 -1 0 116 -1 85 0 220 0 264 230 113 88 200 64 215 196 0 224 186 216 0 0 22 47 0 103 119 1 -1 0 -1 78 33 -1 130 112 50 -1 253 -1 -1 137 184 108
0 16 0 238 -1 -1 48 253 92 -1 0 24 0 -1 44 128 -1 205 149 122 0 253 0 0 0 247 175 0 132 195 175 102 0 2 207 262 -1 -1 105 -1 -1 105 -1 0 13 65 0 0 -1 -1
-1 0 112 279 -1 105 90 273 -1 165 0 -1 131 262 90 103 2 103 177 0 195 156 83 131 0 -1 -1 0 214 -1 235 211 132 -1 265 -1 251 -1 20 46 0 10 208 161 183 0 33 0 212 0
183 -1 0 248 164 59 146 226 0 218 29 275 0 33 -1 -1 -1 -1 0 -1 138 131 40 213 127 -1 58 213 69 43 0 -1 227 265 -1 96 212 0 52 -1 237 88 -1 167 128 260 261 112 -1 -1
177 195 156 216 -1 -1 251 208 205 -1 28 247 24 64 37 99 46 132 58 0 119 -1 0 219 105 -1 12 -1 278 112 190 217 84 -1 42 73 -1 0 -1 107 -1 207 165 44 112 157 210 0 177 227
194 0 -1 0 -1 262 235 238 229 115 213 166 198 0 156 -1 279 0 204 43 167 90 214 45 179 2 -1 82 42 124 -1 10 222 205 31 -1 119 85 0 122 29 199 186 0 -1 0 132 156 273 254
138 223 107 0 271 30 -1 191 261 -1 7 185 0 47 0 211 -1 114 110 255 -1 0 0 20 -1 29 -1 214 201 211 -1 130 -1 0 208 214 -1 101 0 168 214 0 -1 0 0 -1 0 65 14 -1
-1 -1 133 87 269 0 35 -1 31 183 177 -1 28 0 -1 60 -1 0 159 -1 0 0 40 165 213 253 275 -1 104 65 254 0 1 183 0 -1 220 269 85 0 -1 251 139 0 31 89 208 235 0 262
171 186 90 214 189 0 36 -1 0 0 174 155 120 222 58 -1 29 225 189 58 -1 33 0 0 -1 0 0 135 15 -1 72 112 0 122 159 244 179 141 0 -1 279 260 -1 0 -1 -1 -1 135 -1 0
1 53 171 142 219 42 0 266 0 0 219 186 18 279 145 -1 219 0 37 238 0 160 -1 166 0 131 237 -1 214 227 66 -1 -1 163 40 -1 248 -1 161 -1 0 0 214 279 251 90 37 79 0 80
21 66 176 23 0 -1 8 0 -1 273 16 -1 -1 -1 0 250 42 -1 179 0 3 223 114 -1 -1 58 0 66 126 32 -1 0 132 -1 57 173 -1 -1 -1 -1 251 178 -1 103 169 0 209 142 266 129
198 27 0 0 189 228 -1 -1 -1 0 -1 158 7 19 190 130 120 165 0 56 -1 0 220 0 203 -1 80 218 207 21 12 83 241 29 9 0 0 118 176 141 231 33 0 0 262 -1 5 0 240 0
0 17 0 0 -1 208 103 0 0 42 254 -1 0 0 119 248 -1 211 7 202 112 109 69 265 -1 160 -1 0 23 279 131 0 263 0 164 -1 190 -1 248 19 -1 107 -1 -1 -1 0 0 121 205 -1
195 169 -1 -1 -1 260 -1 -1 149 155 205 0 -1 -1 -1 120 0 0 -1 205 47 112 128 211 -1 112 0 42 -1 279 149 0 190 169 203 -1 -1 0 132 142 238 -1 149 0 32 234 194 195 -1 -1
146 200 209 0 70 -1 0 0 10 265 0 -1 83 174 0 -1 194 -1 149 0 203 52 50 268 0 0 0 183 0 112 79 0 107 0 264 0 0 204 22 9 0 133 -1 98 182 15 0 -1 0 -1
-1 216 273 20 99 -1 -1 60 266 212 0 220 51 129 0 0 112 156 42 112 0 265 -1 0 0 218 251 -1 135 255 -1 -1 85 65 66 51 225 52 34 42 195 0 0 0 249 24 -1 37 80 15
