50 90
195 0 0 0 0 50 0 149 14 0 0 299 0 0 285 291 0 268 173 96 0 99 0 263 54 269 8 0 12 90 25 0 0 0 299 275 0 179 0 0 101 0 210 42 0 0 211 0 223 0
272 0 0 230 0 271 175 47 217 0 66 277 0 23 0 238 54 0 263 80 40 101 260 238 296 197 0 163 0 223 110 0 -1 13 0 0 0 48 277 175 265 33 0 0 0 217 225 0 34 0
0 0 0 192 265 0 42 29 269 0 0 51 0 217 76 0 0 274 261 0 292 0 0 52 294 197 65 0 0 0 0 0 62 175 199 188 0 105 203 18 58 0 0 234 250 101 225 84 28 48
197 246 0 260 0 214 111 0 116 0 0 227 0 239 0 45 0 217 232 63 0 54 125 0 78 106 296 0 0 0 3 0 52 84 221 0 285 150 290 296 0 0 0 248 296 197 0 131 0 0
0 18 106 214 0 0 203 217 170 0 0 0 226 50 162 0 23 154 0 118 261 260 197 45 0 0 0 244 0 77 136 291 168 0 0 149 237 174 0 0 0 0 0 264 131 180 0 0 0 0
0 124 247 0 133 114 106 0 0 143 46 0 0 15 0 115 0 163 298 0 101 0 79 273 188 0 0 195 195 214 0 0 160 290 0 0 197 119 98 59 0 0 0 291 0 227 247 214 136 67
114 277 0 0 193 107 0 107 259 90 0 155 170 110 37 0 90 0 262 90 58 0 0 33 0 0 45 98 0 35 0 133 156 261 0 0 0 0 62 0 0 40 203 0 0 253 0 76 0 0
12 0 62 299 0 52 0 284 296 0 0 229 194 28 45 79 0 0 0 298 0 175 0 261 232 0 0 0 0 255 0 0 200 292 74 255 0 0 0 255 0 94 155 0 94 230 298 268 225 90
299 0 255 0 0 0 0 0 0 165 1 238 0 0 0 47 25 131 69 0 261 0 294 260 189 0 0 217 211 136 0 0 0 292 0 0 1 293 0 260 0 0 0 110 254 0 0 0 232 0
23 176 0 9 151 177 18 0 0 0 0 0 91 0 108 76 0 176 57 255 0 57 216 0 193 203 0 250 284 232 263 0 147 0 8 253 0 279 272 279 0 260 255 20 178 259 12 0 0 189
0 0 0 0 131 0 0 261 260 0 42 0 291 0 152 173 5 0 41 0 8 106 40 69 0 111 137 51 289 66 0 268 70 265 279 83 255 0 0 160 95 0 229 71 0 214 175 36 40 263
25 0 125 283 0 177 0 0 0 64 269 109 0 223 120 0 163 51 249 0 191 193 107 169 0 0 0 0 114 126 223 279 192 180 287 0 261 229 269 0 25 42 6 0 101 30 0 160 63 0
234 98 0 214 18 66 293 0 292 101 111 0 9 0 188 60 141 0 0 0 238 260 202 0 202 0 196 0 54 0 174 50 0 0 0 0 37 0 8 76 0 179 0 25 269 261 170 42 0 261
0 0 36 0 272 0 76 40 298 0 0 260 0 0 16 43 0 0 48 0 0 139 79 105 116 296 292 176 0 83 145 109 192 0 238 90 68 0 0 150 99 9 0 107 0 63 0 168 217 0
106 0 271 211 0 125 0 272 144 51 5 21 23 0 0 80 113 256 0 10 6 0 0 78 291 0 0 0 40 271 273 273 0 0 0 0 0 58 261 98 159 261 255 129 200 259 275 86 176 90
160 79 99 150 0 0 0 0 0 52 0 196 193 138 0 0 0 0 0 0 0 41 74 0 0 -1 0 0 113 193 0 192 0 0 54 291 82 232 140 0 0 0 0 286 3 0 236 45 137 296
131 213 0 0 125 0 0 136 0 107 229 67 0 265 247 38 248 58 0 0 0 107 192 0 177 169 25 0 40 0 261 246 93 58 127 0 0 0 121 0 0 229 0 54 223 31 216 0 0 0
0 0 8 0 0 0 181 23 18 0 2 238 256 0 255 45 0 51 1 38 0 0 0 272 55 195 0 58 285 0 43 65 193 125 238 0 183 232 253 0 0 0 147 299 0 91 210 174 0 176
0 110 234 205 49 0 52 0 0 136 104 197 139 0 0 0 0 0 0 292 236 96 263 279 292 0 107 69 230 139 0 212 265 292 0 90 0 180 0 0 139 205 259 182 173 234 23 231 251 0
169 66 122 51 0 0 217 269 0 0 261 0 83 12 278 295 255 0 175 251 136 269 233 0 292 0 62 161 0 0 0 216 0 242 281 0 0 76 97 0 0 0 54 279 199 0 0 24 234 264
0 0 99 279 247 0 261 0 0 150 244 216 85 0 95 0 54 263 0 30 86 0 123 0 0 0 90 138 150 132 253 107 282 9 0 292 218 0 166 45 90 284 217 0 30 136 0 0 251 7
74 113 0 173 214 0 0 54 245 28 0 0 0 0 260 239 272 0 8 278 0 95 0 8 0 272 0 56 0 129 0 240 159 0 136 14 260 40 0 131 0 0 0 0 0 0 0 266 275 78
267 270 76 0 0 0 39 0 175 0 260 0 211 0 0 225 293 199 0 194 0 0 23 0 0 142 0 0 169 0 0 0 0 255 82 195 257 56 45 0 105 173 0 0 8 0 42 0 273 0
0 258 195 216 0 0 0 196 150 0 0 0 22 82 0 89 76 80 13 0 0 0 261 4 0 42 0 0 207 251 0 237 0 150 0 76 160 189 104 0 16 0 84 0 45 0 282 0 252 0
0 74 120 260 0 166 0 296 296 0 224 0 0 0 0 0 154 255 235 0 0 237 222 0 0 215 175 41 296 58 8 67 214 0 0 243 0 0 0 136 0 112 237 172 0 196 253 261 0 74
33 195 59 115 110 79 69 232 31 100 40 61 0 112 105 265 211 25 0 0 82 136 85 17 25 245 0 -1 12 28 0 0 296 45 0 100 0 255 9 80 193 259 0 90 93 0 0 0 0 121
50 0 0 85 0 0 74 138 4 150 93 74 195 0 29 0 0 118 0 0 87 0 0 226 42 66 143 0 0 58 41 200 240 0 107 197 224 0 195 23 0 203 0 0 0 217 106 0 129 0
132 248 85 0 0 95 0 239 0 75 128 0 80 188 238 296 0 175 139 113 279 241 261 231 268 0 292 255 0 125 0 160 0 0 0 214 32 261 152 0 54 57 0 0 102 294 265 146 269 51
0 147 0 127 0 39 120 25 79 158 84 193 253 36 0 0 245 190 0 239 0 295 0 66 42 224 0 255 0 91 0 218 0 95 0 0 25 125 0 204 0 0 294 294 101 282 80 0 0 0
0 81 0 0 0 142 51 0 0 0 296 0 224 136 0 97 0 0 91 0 0 118 92 0 22 286 125 0 99 167 161 138 160 292 -1 0 5 19 0 0 0 227 48 54 0 45 263 0 0 0
0 134 41 0 159 117 193 290 0 80 277 200 0 255 0 0 261 107 90 0 259 0 196 296 90 0 0 201 113 0 0 0 192 0 268 8 160 0 1 223 202 274 0 229 0 211 125 0 0 183
293 269 0 129 267 0 234 279 0 0 104 51 0 247 296 201 288 33 294 293 62 5 0 43 34 69 0 0 140 125 83 0 0 259 76 12 0 13 174 0 0 54 0 -1 12 0 263 273 80 101
0 0 106 -1 51 0 143 0 175 112 233 0 127 87 0 0 4 254 0 247 128 0 110 0 0 263 103 298 0 282 27 12 109 28 0 0 237 192 296 136 125 209 0 12 42 0 0 0 40 260
0 272 54 0 136 124 97 76 0 275 0 195 0 160 45 193 109 74 0 104 0 0 0 193 0 0 99 0 0 0 67 0 273 277 293 276 0 0 0 0 0 111 77 0 107 52 16 0 195 0
0 83 0 12 0 0 0 0 0 149 24 0 0 160 131 54 78 127 296 263 80 90 26 205 286 292 251 296 223 0 0 76 127 0 136 191 105 45 0 76 101 188 0 288 243 290 0 0 195 0
0 1 0 0 0 33 6 114 0 255 260 76 110 0 106 0 124 102 143 208 161 261 268 0 3 0 0 131 0 192 0 260 25 281 248 0 159 125 270 124 0 205 0 0 33 52 0 0 279 214
0 118 0 139 0 101 0 51 0 51 0 0 42 85 0 129 63 111 0 285 0 8 233 0 0 254 63 260 293 14 0 256 36 160 69 0 237 0 42 229 124 0 0 242 0 0 54 0 280 0
203 160 0 261 136 0 220 215 273 0 273 11 0 101 0 182 0 164 284 31 245 0 294 90 0 0 37 99 291 135 0 239 45 138 267 36 260 0 0 99 43 195 166 217 296 205 40 0 0 263
0 104 0 0 206 110 215 8 0 0 0 113 48 299 27 8 0 191 0 0 0 0 28 58 195 214 260 0 0 0 45 0 197 90 0 0 72 0 73 23 0 102 107 278 290 0 185 78 0 0
285 232 129 0 0 0 296 90 0 0 0 260 239 0 45 25 209 0 110 78 0 273 0 0 263 12 190 88 0 0 0 282 0 53 268 191 23 0 195 238 0 0 248 0 0 0 0 0 30 87
264 0 143 0 94 204 -1 0 118 0 0 65 148 59 261 0 0 0 176 0 17 234 0 61 107 285 271 0 0 66 263 197 296 40 0 0 268 169 129 0 0 0 0 0 0 0 0 198 0 0
0 80 0 23 0 0 90 202 76 0 0 0 229 0 0 0 54 283 54 144 0 163 184 166 259 195 0 251 263 180 0 0 0 0 0 277 0 27 159 0 0 0 44 139 296 0 0 124 58 0
223 0 244 0 236 266 265 107 0 163 0 0 282 195 205 237 0 127 0 103 33 82 83 0 0 195 0 0 169 292 171 0 214 0 0 136 0 256 0 219 153 147 214 110 0 0 0 254 106 169
195 296 0 25 0 12 165 38 0 279 113 71 0 -1 6 76 236 0 259 76 0 0 90 0 0 299 137 0 0 0 0 190 183 0 40 0 0 86 0 175 298 82 111 294 142 143 119 0 0 0
0 0 196 0 0 0 113 271 54 57 0 271 279 233 0 0 0 24 0 174 42 37 265 0 0 0 0 8 0 195 0 186 0 217 118 0 0 0 138 223 12 41 279 0 90 23 197 296 263 107
82 52 193 0 28 106 223 0 0 90 0 0 0 221 260 177 104 0 0 45 110 261 0 -1 299 0 281 0 127 143 150 192 136 0 0 0 0 0 129 180 0 0 0 127 284 37 0 0 277 195
237 149 77 20 0 0 0 0 0 0 0 129 0 240 158 0 0 273 0 8 136 0 0 0 105 0 152 130 0 173 250 252 0 30 0 0 196 54 163 6 291 0 265 8 171 33 0 238 127 0
0 0 273 127 0 0 0 0 0 214 0 0 0 244 105 39 0 0 107 106 268 0 27 260 58 0 157 101 0 38 141 139 269 236 197 0 261 -1 229 136 175 61 52 0 76 23 163 0 0 74
0 259 112 0 0 208 150 268 0 0 209 240 14 0 0 0 0 0 189 255 0 238 0 273 214 83 214 47 5 42 52 114 261 125 27 36 296 166 73 157 228 188 255 0 48 72 0 285 52 52
297 53 0 0 0 0 0 64 58 0 261 0 0 0 0 105 255 0 289 0 248 8 0 282 0 142 90 295 253 0 0 281 0 131 76 180 160 0 12 12 30 0 98 67 0 14 187 255 288 0
4 255 0 0 34 160 0 0 272 85 105 0 102 0 0 248 214 69 0 50 234 269 296 0 53 58 239 42 0 296 69 195 0 56 0 127 0 128 0 191 0 0 255 0 65 0 42 147 74 30
82 203 0 166 269 0 0 0 54 0 265 106 93 18 0 237 52 195 236 190 8 289 0 0 277 0 255 0 0 265 277 261 -1 0 57 101 0 85 0 90 150 141 0 299 259 51 0 46 121 0
0 0 12 0 28 0 216 138 0 0 139 296 0 40 0 272 193 292 253 0 293 286 0 0 199 49 0 197 0 0 0 0 232 261 0 189 0 247 279 85 290 0 118 0 52 299 61 278 150 0
0 138 175 136 0 0 200 114 0 23 0 158 268 0 0 0 0 0 110 195 0 195 174 265 0 54 0 136 0 277 12 0 275 0 279 279 217 197 291 0 0 103 282 0 291 0 0 48 0 0
0 0 0 0 252 0 0 0 0 0 0 0 229 90 0 0 0 0 0 74 0 0 299 214 214 0 193 261 260 0 127 0 1 0 0 0 205 0 0 0 0 0 0 0 0 78 76 204 215 33
266 0 0 110 42 160 0 54 106 66 0 0 0 0 251 233 23 0 0 0 110 0 33 30 296 174 106 0 197 175 28 285 0 160 206 97 0 185 63 0 0 80 36 294 150 27 240 133 125 0
169 258 192 37 295 126 143 0 1 99 234 0 195 255 260 0 0 0 66 0 0 245 112 0 42 0 273 175 0 47 127 0 279 268 8 0 166 160 261 58 254 0 0 43 286 163 0 0 214 104
0 295 254 269 0 225 0 150 0 0 297 0 0 179 33 0 0 0 159 51 136 0 160 0 0 0 0 0 66 175 261 0 234 34 0 0 0 0 118 139 48 0 0 284 0 101 0 106 79 38
0 82 0 247 290 205 163 0 236 130 0 0 199 37 45 99 0 161 292 40 0 0 0 0 261 0 89 0 23 0 254 0 57 0 266 0 54 105 0 107 238 40 37 0 195 0 230 50 277 296
74 9 117 124 271 240 237 0 0 244 173 76 91 0 94 0 264 166 0 294 76 139 0 3 0 8 214 42 45 107 23 107 202 80 195 0 0 0 150 0 192 0 0 236 0 0 0 0 0 0
106 143 92 0 111 63 292 0 0 267 0 12 237 107 192 0 205 0 0 268 0 36 0 240 0 0 8 76 12 0 0 243 189 8 0 217 0 0 0 90 0 284 47 0 215 0 36 1 263 0
0 0 195 214 0 178 195 142 64 66 0 0 0 0 0 260 254 223 0 0 273 0 0 260 197 0 0 105 159 0 0 0 0 0 0 0 12 255 0 0 110 41 0 0 211 203 0 0 0 0
54 0 292 16 0 0 0 24 91 25 0 0 94 0 90 54 0 0 275 0 23 191 180 229 263 260 76 0 0 0 195 0 257 0 286 0 33 52 183 33 79 14 207 90 161 260 0 192 177 0
217 0 188 253 0 45 113 0 150 0 250 0 261 195 193 80 48 124 167 0 256 0 273 20 47 194 157 294 0 0 0 82 0 0 245 0 169 0 255 8 136 0 171 0 0 259 0 64 0 0
0 0 0 25 0 0 200 0 107 0 172 154 296 195 238 12 0 223 205 0 155 0 224 40 90 0 0 0 139 0 268 0 195 260 39 0 0 25 0 255 0 294 251 0 296 0 195 90 0 232
255 208 38 177 0 41 179 0 296 19 259 268 0 0 40 0 51 0 0 28 78 232 264 227 0 -1 0 90 155 271 263 292 0 256 217 0 51 0 0 0 0 80 200 267 0 290 113 160 0 0
129 261 63 52 0 0 0 246 75 267 200 0 181 76 0 0 0 0 273 0 0 0 260 125 45 0 42 0 127 0 31 133 31 27 260 39 0 260 0 104 223 45 54 0 0 0 51 0 229 125
0 0 16 279 255 20 214 0 299 107 217 0 0 0 104 0 150 21 0 110 261 111 220 99 9 122 0 41 101 48 0 42 278 0 238 42 0 0 0 0 0 263 0 0 268 0 0 296 143 28
57 0 239 54 175 0 25 226 0 299 0 129 0 152 280 0 0 0 0 119 239 0 196 197 0 160 190 190 0 298 261 0 0 0 84 0 183 214 0 54 125 196 5 14 131 0 82 0 127 189
0 0 0 102 125 139 279 12 247 76 38 217 173 171 0 210 0 0 65 15 84 27 216 0 291 0 157 195 0 109 0 265 205 85 0 0 24 235 0 76 0 0 232 0 253 0 0 0 263 136
136 237 93 0 275 0 139 0 0 0 0 279 110 0 0 113 111 0 0 298 0 175 298 285 0 176 0 247 0 76 0 296 271 0 138 0 98 0 58 0 140 299 80 228 0 282 0 277 193 197
0 277 0 90 0 279 0 0 0 0 0 0 0 202 0 110 136 63 292 0 107 107 0 291 30 0 0 0 251 81 99 0 271 136 0 197 166 138 296 217 85 283 18 100 282 28 0 0 182 0
0 0 219 0 0 0 0 180 282 296 236 232 0 131 80 0 86 152 0 0 0 106 183 0 175 113 93 30 0 25 0 0 127 0 0 285 0 0 0 74 6 0 68 0 51 106 0 0 0 105
251 262 95 0 281 272 4 0 218 0 101 195 0 114 0 0 0 82 0 129 0 40 77 244 283 0 136 13 237 120 0 0 0 208 168 80 0 0 65 255 221 45 8 296 230 83 0 129 148 0
69 169 273 175 58 0 0 0 0 0 23 0 0 7 30 104 99 0 98 36 291 175 0 275 0 0 263 0 71 0 113 54 0 0 260 125 238 103 269 73 0 18 0 96 79 169 199 98 110 0
261 234 0 110 0 0 76 0 129 112 282 243 0 33 0 0 0 23 25 129 265 76 129 0 0 0 110 -1 211 0 149 0 211 214 45 0 247 223 82 0 0 76 8 0 0 0 0 192 105 238
0 79 255 0 276 189 0 193 8 17 8 0 137 261 72 143 260 0 0 0 0 90 0 160 51 0 24 0 51 176 0 0 55 142 0 54 101 0 129 203 67 131 0 116 263 265 66 259 8 18
76 259 0 0 58 0 166 0 232 0 0 110 104 0 0 236 169 53 296 12 0 0 292 261 289 237 41 52 230 71 263 0 0 12 211 139 0 136 281 217 0 91 0 83 264 0 0 177 0 0
0 0 165 5 284 42 0 233 6 174 197 101 50 52 0 74 0 39 118 221 100 175 0 293 251 62 58 0 51 18 238 0 0 0 87 127 229 255 259 80 284 292 95 86 169 0 0 296 250 136
173 273 43 0 0 0 265 44 0 0 0 255 299 76 214 0 0 125 151 87 0 124 0 0 0 0 36 224 0 143 238 0 270 238 -1 223 0 0 0 253 114 54 0 193 79 105 58 217 127 0
0 197 201 0 40 260 0 214 12 0 0 0 0 119 101 0 237 0 188 54 0 227 0 29 0 293 90 241 0 59 299 292 0 67 0 145 150 246 42 0 90 211 1 0 0 125 0 66 0 137
0 0 255 105 139 0 0 90 142 0 136 25 216 1 160 0 0 284 260 113 26 109 0 0 0 0 0 51 149 124 0 0 0 69 0 193 0 261 158 296 0 0 0 -1 272 25 0 8 229 285
260 0 60 -1 175 279 17 0 239 0 0 255 272 238 0 0 0 98 245 67 0 118 263 214 0 48 9 202 170 273 109 97 84 255 36 45 263 35 285 78 33 31 37 13 102 192 0 268 0 263
0 0 0 269 0 115 41 0 22 213 0 234 296 197 0 50 261 107 150 0 0 143 251 0 40 293 101 76 296 32 261 0 249 0 61 194 192 0 292 0 260 40 0 57 196 0 0 191 0 38
0 253 0 0 176 143 88 0 279 177 14 0 45 0 135 0 232 0 0 170 54 0 41 107 253 0 0 296 217 0 58 0 0 0 113 114 69 270 0 0 12 0 0 0 224 83 27 261 42 248
0 0 0 0 260 261 94 290 147 99 0 23 80 244 0 285 0 98 12 76 252 136 101 62 163 80 269 87 0 0 269 0 163 0 0 23 0 210 0 45 294 159 125 0 287 16 0 0 0 273
0 0 269 131 0 0 197 173 3 214 0 195 0 0 0 223 0 42 271 203 273 52 124 260 0 0 0 0 90 232 0 0 0 292 174 0 0 216 0 147 173 114 240 163 191 0 25 0 131 198
161 0 62 107 106 0 0 261 33 180 0 107 298 5 95 0 296 107 0 0 107 188 0 0 0 0 0 229 136 90 0 203 175 261 0 58 8 293 45 52 59 0 260 0 67 0 0 261 78 0
0 0 111 218 9 0 255 23 0 0 0 292 197 76 73 150 193 296 274 0 291 0 0 101 56 0 25 0 0 192 0 0 0 0 180 95 279 127 54 0 0 261 176 0 217 152 40 263 138 0
212 12 0 6 0 0 0 146 59 242 259 70 52 61 292 0 0 0 74 255 225 45 0 0 237 0 196 0 272 0 239 0 225 163 0 0 0 0 0 0 0 0 256 141 229 0 0 0 8 0
0 0 0 63 58 160 -1 0 25 238 0 83 255 0 271 238 76 48 144 137 125 12 3 90 0 0 0 184 0 0 0 211 290 111 279 282 273 180 0 136 0 0 0 0 282 136 0 0 147 0
58 0 0 0 261 23 84 0 0 231 0 0 0 272 106 255 259 176 0 115 0 0 0 159 0 281 6 0 149 195 217 0 0 0 0 259 261 0 0 0 5 0 54 0 109 0 0 79 0 229
0 0 107 125 0 296 0 0 295 226 43 209 0 72 0 0 14 0 0 154 0 45 247 14 0 52 83 196 0 0 23 293 116 0 0 0 0 0 277 112 45 0 131 0 0 0 54 132 268 0
0 269 209 294 8 74 248 263 0 223 204 225 37 -1 285 0 268 229 120 95 42 0 0 52 0 0 0 0 90 0 99 223 51 0 0 170 0 83 255 0 0 0 231 0 288 233 279 0 0 66
272 248 10 0 0 0 128 0 82 0 250 112 0 0 0 256 0 233 288 234 77 293 43 0 180 4 0 129 78 0 196 209 0 108 0 187 0 0 118 0 263 45 273 168 278 296 186 0 0 0
96 0 52 136 223 0 160 69 101 91 28 0 0 78 6 265 0 125 188 28 40 54 205 -1 106 261 0 156 223 0 58 0 296 196 29 97 268 104 0 0 23 0 0 242 188 164 0 0 0 163
0 0 118 62 0 260 195 149 136 11 0 201 248 174 259 106 125 192 0 142 22 0 0 214 0 182 227 0 0 0 40 273 0 134 203 0 281 0 0 45 165 202 224 296 214 269 99 265 74 27
193 193 265 234 153 0 160 124 111 0 0 5 260 0 0 30 253 0 0 298 0 294 188 76 90 298 0 67 0 216 0 77 245 193 0 159 0 -1 195 292 0 260 0 195 162 0 0 25 263 0
0 0 131 294 42 120 0 45 0 291 0 83 0 12 0 131 90 0 0 144 222 0 132 113 0 90 131 54 0 244 0 13 239 0 0 40 215 107 0 169 0 140 25 90 291 0 121 173 0 0
0 193 0 274 0 0 261 0 62 90 74 0 8 288 0 0 51 214 0 0 0 0 0 9 0 105 176 0 127 0 0 2 101 8 138 0 0 0 248 0 0 86 0 123 0 0 160 0 0 136
