50 121
217 346 136 181 455 124 370 309 425 63 273 88 79 458 151 368 383 327 291 190 71 401 125 177 393 370 356 105 379 71 151 375 50 280 12 341 45 462 260 252 421 421 409 311 112 170 176 156 78 266
324 58 342 264 63 286 291 450 454 217 132 234 68 309 366 217 224 189 52 166 430 4 215 379 162 399 327 241 198 59 49 46 321 456 280 136 256 385 122 98 404 45 22 460 158 83 215 373 181 176
382 455 177 431 441 352 23 182 44 304 51 285 370 70 168 276 415 192 152 175 146 292 65 177 382 156 144 337 199 354 297 254 422 96 58 113 355 6 100 72 439 264 120 255 122 292 79 -1 75 185
62 278 49 454 288 112 104 61 217 280 160 110 346 49 33 337 242 100 402 79 389 297 130 132 38 329 370 441 143 416 255 59 58 317 454 234 397 168 132 392 249 259 110 371 260 236 443 302 438 130
417 92 9 50 250 46 439 374 437 208 134 351 370 188 132 141 331 286 31 441 50 391 355 360 125 455 16 381 329 62 377 418 328 379 22 93 130 282 433 111 456 334 284 8 120 199 104 182 329 217
183 404 158 163 462 130 352 340 105 46 316 257 328 454 234 156 173 309 246 413 209 176 48 346 314 372 458 211 346 290 22 455 233 161 177 459 355 236 311 383 22 337 401 275 45 65 344 300 162 79
259 63 286 94 134 152 441 382 125 161 162 442 323 302 313 160 382 301 374 48 59 18 63 45 45 328 264 421 264 449 439 120 331 84 430 323 285 189 276 93 151 58 356 431 385 366 390 63 217 362
160 410 285 401 99 89 100 253 36 93 441 176 44 394 129 21 318 156 317 63 342 162 141 389 430 304 175 300 169 83 168 37 228 431 268 25 370 356 192 382 72 337 126 113 58 7 321 143 19 165
435 53 316 415 243 3 156 3 334 124 135 150 295 382 225 137 388 97 303 439 143 288 383 172 220 260 287 217 159 122 39 51 177 302 205 177 28 105 452 311 355 385 165 63 102 71 456 105 138 113
35 160 388 113 113 295 389 49 137 325 359 84 233 422 182 285 456 46 304 143 39 408 418 254 229 189 369 339 125 302 205 130 368 309 199 208 136 194 195 112 364 12 45 215 110 71 126 328 352 163
162 305 393 280 408 243 147 365 423 431 113 173 105 439 153 460 276 32 239 28 46 287 144 304 48 149 131 254 33 55 422 177 457 23 337 120 325 235 319 59 310 278 134 169 57 382 441 232 316 45
300 194 280 55 403 324 334 350 399 50 431 423 365 306 453 147 234 382 97 402 164 181 213 413 67 151 333 233 120 140 245 199 391 75 183 397 362 215 322 343 246 269 114 192 423 147 431 124 136 286
337 46 192 49 426 135 237 199 78 60 22 154 218 105 233 309 34 237 57 53 201 105 224 331 130 439 434 214 454 344 339 210 266 266 46 316 320 84 70 84 260 186 131 133 180 423 275 396 331 67
283 77 224 72 122 438 370 139 374 63 386 178 458 15 169 390 291 113 331 177 462 106 337 442 415 63 388 156 285 245 59 280 144 181 96 213 345 132 454 386 233 422 260 374 382 154 353 192 382 302
252 303 236 394 66 449 182 45 46 71 350 315 303 241 104 244 49 269 252 87 331 449 161 356 338 356 404 236 321 331 4 254 311 368 46 79 422 320 431 70 280 166 130 41 71 430 455 223 216 416
323 450 242 294 207 30 370 201 38 141 292 155 321 108 368 404 90 156 143 99 292 456 151 224 49 374 304 62 346 46 49 169 456 176 352 415 39 81 130 252 89 388 307 250 103 412 285 113 401 373
192 345 285 17 233 301 175 288 431 413 264 74 194 455 379 128 356 375 336 71 310 236 386 59 284 356 120 270 292 368 181 316 322 5 171 399 363 4 315 56 317 193 114 216 439 46 344 304 43 168
344 370 338 168 403 65 437 144 420 182 17 418 333 192 263 132 185 201 38 258 331 176 4 257 434 379 452 46 426 351 9 426 141 243 394 443 251 306 84 200 154 34 200 167 308 393 173 331 415 291
189 151 365 306 85 125 50 386 159 383 269 59 78 329 206 367 408 385 379 113 157 122 99 20 394 449 120 258 261 109 160 344 386 355 182 176 91 48 413 77 461 51 181 398 242 176 177 197 320 447
162 170 441 399 304 188 239 430 77 454 169 206 457 331 276 248 264 368 170 50 56 345 285 45 248 189 132 41 113 78 369 87 147 406 456 156 363 110 151 211 297 150 246 282 452 328 211 2 129 249
244 127 455 261 331 412 152 232 404 18 99 104 96 246 104 304 71 212 439 185 374 426 38 82 41 254 324 41 209 35 455 7 152 329 169 99 437 352 354 129 14 90 122 157 143 449 302 355 104 183
252 24 250 51 18 155 342 169 309 278 192 189 194 183 285 24 324 241 3 443 254 340 31 439 269 86 89 426 86 386 276 240 394 76 122 177 156 231 424 431 387 96 304 181 459 100 302 374 370 342
20 151 440 339 337 163 374 303 113 96 213 7 21 271 179 233 234 256 354 104 160 331 374 211 181 92 76 233 46 419 64 323 1 59 431 81 314 49 393 122 354 276 428 113 244 59 426 218 125 95
65 413 244 280 366 41 35 286 178 80 286 456 36 390 2 179 445 78 100 366 73 279 419 201 394 7 261 356 22 21 83 65 442 46 40 170 233 115 374 180 414 160 153 384 207 113 202 225 252 399
181 260 68 45 21 367 153 149 258 375 134 252 293 386 30 154 23 211 370 159 233 341 430 437 422 309 248 322 156 40 219 329 347 323 177 9 285 78 374 247 142 36 412 150 458 97 206 407 388 448
213 51 252 363 131 329 344 456 333 185 166 163 162 169 63 393 389 18 255 355 352 247 368 91 333 381 415 17 404 418 295 102 52 329 333 393 38 329 130 3 90 144 33 58 192 70 177 164 201 133
31 238 260 63 176 246 78 11 323 165 354 176 70 192 147 109 455 45 97 233 452 194 304 277 79 415 118 87 136 458 129 304 16 4 419 235 309 348 125 381 113 442 185 170 33 199 85 160 452 24
335 161 277 39 201 448 208 306 388 354 423 408 104 22 435 49 346 160 35 194 141 360 151 404 21 408 421 264 452 362 271 105 133 263 87 65 358 226 174 165 55 89 211 169 38 404 258 326 207 386
65 157 176 213 385 374 404 382 76 194 192 370 423 188 163 151 418 5 70 104 331 145 167 176 280 309 323 89 179 131 439 261 162 181 239 33 352 187 190 79 161 369 150 264 264 288 93 447 366 305
249 51 397 311 282 19 452 423 384 132 16 434 192 47 310 205 30 113 20 430 356 22 194 305 200 309 9 120 403 99 75 366 369 99 337 431 100 36 282 131 35 406 189 274 3 194 284 70 338 356
421 344 169 32 141 222 326 181 233 119 411 65 456 99 112 384 233 264 362 383 237 311 331 315 76 386 300 242 273 95 389 407 228 241 109 422 257 292 151 413 317 181 75 128 430 113 304 239 104 57
46 280 35 417 349 374 134 130 194 117 258 424 342 460 406 177 276 265 235 326 371 151 54 176 68 107 252 218 51 403 422 313 305 163 74 96 176 376 373 208 182 429 423 89 331 316 272 331 306 169
283 71 405 441 430 354 151 344 45 160 239 218 342 309 254 285 462 76 456 352 221 332 328 182 430 333 185 304 81 109 183 156 96 134 140 104 27 234 49 262 189 451 105 454 89 328 295 455 433 321
254 101 298 259 152 142 113 63 172 194 456 192 16 46 294 97 413 190 72 280 302 176 65 288 454 181 177 122 72 113 108 304 362 7 331 5 98 50 316 97 342 386 103 45 9 292 367 206 288 404
393 132 302 255 431 78 431 270 362 82 45 145 399 280 197 145 373 436 63 218 236 182 290 413 9 135 22 303 140 301 190 273 380 368 235 239 415 46 313 168 151 406 367 150 254 190 24 48 340 333
321 177 298 255 423 70 179 131 134 346 456 357 200 378 75 439 294 368 173 4 260 340 390 18 386 388 156 259 368 39 169 101 419 206 36 227 299 239 92 121 252 287 294 344 204 131 231 149 8 382
211 455 160 230 35 208 97 382 65 126 33 400 233 456 199 120 292 304 135 111 388 342 181 442 46 187 394 63 100 302 75 323 176 213 69 27 417 137 222 382 176 454 292 441 329 189 423 173 333 386
321 45 113 173 113 423 349 32 17 99 408 363 291 33 244 370 169 235 305 36 311 331 103 287 173 133 160 393 100 406 355 280 130 35 331 367 30 82 105 267 248 9 269 122 128 125 269 271 374 388
176 235 90 147 334 355 399 385 51 343 425 413 182 132 172 36 248 151 271 370 144 361 140 354 104 292 340 153 204 65 129 271 388 181 14 63 59 176 328 181 1 460 402 393 45 302 156 393 183 403
397 156 160 224 192 432 370 160 356 113 385 93 344 16 357 447 65 130 412 213 194 352 38 113 329 10 431 120 229 422 5 377 295 429 415 168 375 404 355 233 413 252 459 71 455 413 194 456 287 136
230 78 25 404 305 255 443 412 385 59 280 451 280 412 462 310 180 96 217 162 29 382 432 9 189 367 366 156 181 454 35 437 280 67 315 414 422 13 300 356 223 205 354 338 191 344 104 427 331 97
106 66 42 320 130 391 320 368 194 151 58 386 340 332 434 84 364 422 211 412 248 191 136 113 246 385 102 422 144 125 169 136 30 374 315 267 296 381 413 377 456 194 21 160 456 141 151 294 266 424
331 138 276 261 439 320 48 203 110 227 79 134 299 419 319 39 160 63 305 277 234 243 160 11 444 132 455 172 397 249 213 421 311 40 351 280 132 431 96 123 356 416 247 124 303 206 70 161 412 206
104 127 330 386 155 113 338 271 220 173 430 301 206 176 0 374 122 97 21 211 289 98 188 439 70 71 105 456 45 349 177 214 26 161 387 70 36 370 9 259 295 207 321 249 447 395 430 239 254 303
366 431 29 181 89 238 404 323 194 79 122 440 49 258 39 449 33 200 393 35 218 181 131 18 389 323 356 342 271 421 100 386 120 9 160 70 9 422 151 312 244 424 262 421 7 76 248 7 292 355
309 144 438 194 197 458 383 249 328 187 153 68 106 356 421 281 252 269 177 434 3 346 393 266 459 46 130 342 406 321 452 261 355 454 394 141 109 404 190 125 462 235 415 346 430 424 67 126 326 104
382 64 250 412 116 439 177 406 453 349 413 316 426 18 438 248 78 83 206 366 441 323 132 266 131 120 316 176 303 113 120 132 323 271 448 344 176 4 51 343 422 412 137 423 407 401 224 374 446 439
192 309 454 22 340 410 244 205 388 300 129 151 148 352 334 443 289 160 316 462 338 331 210 49 419 352 65 172 450 144 194 169 144 295 424 326 113 252 334 110 144 295 352 304 260 355 126 382 38 55
72 156 199 328 406 385 321 92 19 189 254 119 201 62 422 252 310 185 385 413 7 16 97 151 450 462 386 408 393 454 323 225 309 184 197 176 415 339 275 49 185 48 269 299 22 333 328 316 273 58
156 447 36 426 147 412 143 8 48 286 169 461 96 70 123 276 88 240 160 97 100 461 331 83 113 65 151 50 234 303 49 150 99 162 128 248 83 328 412 68 196 329 273 363 370 335 170 105 362 252
390 394 183 419 143 320 224 374 456 119 192 96 21 169 84 205 304 176 306 386 374 436 162 151 183 293 105 160 356 161 418 4 309 131 159 192 353 62 344 345 329 220 194 35 383 223 93 126 269 285
431 25 211 366 301 181 386 273 382 176 183 99 53 258 421 45 338 370 415 200 309 122 16 213 241 368 351 413 9 183 143 442 71 284 151 229 408 151 331 165 120 159 393 59 316 83 295 143 382 346
435 424 256 55 160 250 317 191 385 167 255 131 128 233 51 383 323 41 239 93 368 433 93 23 120 431 113 217 447 36 452 271 41 357 68 374 46 430 61 63 130 418 89 379 416 185 373 -1 367 155
333 79 292 45 356 304 393 150 426 156 46 166 369 356 294 430 72 412 454 447 389 111 33 17 344 280 236 360 151 447 210 373 292 76 269 321 100 352 38 342 45 130 105 192 227 145 244 273 120 208
177 57 65 175 456 144 303 113 201 206 160 122 71 173 412 29 346 63 38 431 404 201 97 181 352 364 260 446 352 333 104 280 132 5 44 135 303 153 377 184 387 421 300 5 105 239 189 56 162 199
321 109 9 305 263 276 194 27 252 93 49 370 74 242 356 415 128 192 450 378 243 113 355 455 45 361 426 140 36 50 321 100 346 331 144 374 299 49 252 354 264 356 235 275 382 368 100 384 462 430
252 239 156 314 189 110 96 36 65 385 406 70 59 45 406 343 449 401 168 252 59 431 101 452 303 331 136 233 423 177 407 412 194 104 182 141 169 302 176 69 81 292 52 317 302 45 303 298 132 125
287 75 189 331 426 422 176 462 63 76 97 97 192 305 217 156 97 441 369 30 129 383 194 50 130 70 450 144 304 45 423 104 129 134 280 259 169 377 240 160 98 387 150 374 176 78 113 32 40 135
410 22 72 125 454 309 172 20 386 173 100 381 260 158 343 225 125 343 163 304 291 331 63 310 264 120 454 22 304 151 194 431 309 275 113 355 303 365 220 161 408 441 423 328 244 413 123 261 48 346
321 182 323 49 109 140 399 384 2 254 65 304 338 102 438 50 422 113 459 430 117 151 151 188 452 63 16 79 455 131 192 391 401 285 351 65 87 342 303 1 134 273 49 125 433 181 45 382 319 59
177 176 254 90 291 342 141 22 189 239 288 248 408 385 110 252 101 301 394 34 44 55 161 143 355 235 295 187 333 329 177 45 181 136 130 434 434 302 97 58 366 193 344 231 449 413 266 190 264 460
130 96 161 318 212 449 35 105 63 211 246 295 368 462 255 347 104 352 386 70 311 258 78 245 379 62 58 331 381 21 415 355 291 344 225 160 169 271 355 78 383 410 28 157 78 355 151 7 382 393
143 51 304 122 324 401 134 78 54 310 334 182 206 18 288 236 394 337 207 104 391 162 246 3 346 455 455 132 189 234 441 344 96 67 156 4 148 248 366 350 144 46 430 266 99 429 97 59 39 278
242 85 99 298 141 258 38 70 375 113 176 439 355 382 18 412 133 328 339 271 393 35 300 259 287 113 97 311 315 58 404 63 4 321 176 72 349 142 211 331 208 126 305 453 24 118 254 441 419 224
154 449 142 176 331 370 395 396 368 252 144 46 156 403 345 17 412 194 194 194 287 59 156 249 40 448 306 228 270 236 113 177 404 422 260 244 422 197 345 368 403 104 273 366 368 46 176 294 382 302
110 45 366 322 168 254 176 423 304 254 181 439 423 412 328 113 150 249 452 157 321 175 33 302 126 356 439 120 431 349 71 83 206 105 397 48 235 388 334 401 338 431 394 262 415 63 65 87 194 72
172 133 329 431 281 260 366 65 243 276 269 355 323 372 413 46 342 439 66 132 377 120 370 113 456 206 338 5 5 292 110 134 79 382 271 157 456 160 176 170 122 271 78 381 47 208 9 455 49 248
233 181 45 388 113 370 367 237 355 439 388 422 181 134 71 452 249 245 439 177 374 412 39 68 290 194 21 393 51 176 437 113 386 213 456 388 131 116 417 423 309 179 162 461 456 412 439 9 222 46
234 300 323 234 120 28 249 80 176 38 104 162 23 411 233 144 444 211 35 120 413 122 194 19 177 209 422 300 285 95 160 104 437 259 430 355 161 113 248 260 152 331 460 18 352 188 324 422 138 68
328 95 332 190 78 454 197 46 18 185 370 131 173 249 11 247 170 151 236 199 237 181 96 376 51 382 404 177 215 23 160 67 370 266 192 261 130 87 134 46 248 313 443 120 437 3 306 89 370 374
235 255 63 32 253 113 86 189 280 65 448 416 455 277 213 323 105 182 362 386 415 185 367 46 156 178 55 304 266 132 311 151 176 109 287 350 165 79 8 233 99 205 79 286 105 36 173 306 206 369
452 279 177 258 10 144 177 408 167 112 150 276 32 313 337 254 213 8 162 261 99 216 194 459 16 359 78 354 316 311 169 152 64 300 39 152 276 437 399 73 304 51 280 104 316 393 323 266 316 404
329 459 66 265 430 354 122 344 300 195 271 160 268 2 295 344 431 214 204 374 375 297 93 160 201 137 402 40 291 413 285 390 282 458 397 204 382 189 344 302 454 233 105 163 151 215 160 303 235 328
434 180 70 406 89 46 112 327 241 260 131 62 362 393 33 258 421 203 45 135 35 51 450 406 156 86 74 46 244 218 84 334 107 103 383 163 363 176 113 257 333 252 113 364 404 340 170 65 425 131
188 333 334 50 233 59 385 370 213 130 351 367 297 264 3 160 292 18 213 58 7 113 237 153 315 399 333 309 430 332 17 182 38 71 329 160 35 59 22 154 386 285 176 122 331 78 208 92 280 453
316 440 233 352 374 462 431 309 383 12 404 125 286 278 305 136 59 136 27 14 459 136 461 417 399 200 194 366 412 130 181 386 261 371 12 442 130 260 156 49 452 370 199 382 388 100 124 33 399 386
424 122 404 78 405 390 113 455 219 36 285 205 19 114 310 382 339 422 194 120 97 310 3 53 238 194 363 218 206 320 454 462 423 368 128 344 438 335 326 456 400 404 302 373 207 173 404 241 161 310
120 331 189 386 280 133 338 125 169 430 7 109 190 366 182 206 431 435 273 39 413 441 331 420 302 330 254 414 276 21 182 419 160 370 121 58 356 22 413 186 227 356 205 46 302 6 131 439 385 415
394 370 260 239 224 221 45 311 7 431 413 122 126 45 173 282 65 113 108 202 68 374 128 447 75 168 35 153 248 65 254 261 291 166 76 426 309 137 176 41 249 201 233 415 448 83 13 388 393 368
209 213 100 344 440 217 113 21 169 328 352 125 247 348 328 385 16 449 316 278 323 424 181 240 151 42 301 397 346 30 455 104 305 70 63 36 19 180 217 250 257 89 367 188 352 323 62 217 171 168
211 162 49 22 145 205 324 131 313 120 124 422 325 45 352 388 59 132 417 269 368 201 160 192 104 311 125 331 41 63 84 251 271 285 297 233 143 276 284 30 146 456 431 264 339 9 259 246 321 252
292 331 295 247 77 451 423 424 96 288 164 9 149 326 106 272 355 346 456 164 406 136 104 34 222 311 248 437 457 344 355 30 308 176 382 320 331 354 439 25 192 454 406 264 199 380 252 36 458 342
252 389 170 388 130 38 201 58 315 147 71 143 156 177 59 57 173 145 84 340 423 304 280 462 328 31 218 155 386 352 242 90 402 206 241 454 235 289 335 389 276 374 430 108 185 421 88 37 136 386
123 334 168 292 438 264 49 312 462 76 170 431 169 24 50 403 46 390 304 75 102 48 181 337 130 341 426 233 165 230 232 94 317 386 280 258 358 77 176 144 192 63 200 22 404 374 370 243 48 217
295 394 215 431 50 362 81 458 242 394 179 269 234 412 264 304 443 217 413 153 321 18 211 456 337 299 156 76 456 441 207 316 233 331 304 352 286 288 454 381 200 169 329 218 147 100 160 360 124 267
158 43 397 89 177 363 230 114 24 20 179 294 46 280 426 309 92 100 426 342 181 172 112 140 324 328 290 90 180 194 4 16 152 385 301 137 110 455 149 365 356 248 407 346 226 252 172 365 31 426
99 63 75 127 181 370 393 274 331 374 362 170 421 126 151 406 295 391 285 421 185 287 442 386 424 233 130 99 392 418 333 65 368 35 386 11 24 319 304 169 342 374 17 441 177 7 337 326 325 99
328 454 89 9 39 439 352 113 283 431 132 65 299 388 458 213 113 421 460 280 255 36 261 331 3 456 182 415 55 169 415 70 217 35 65 443 382 211 370 135 103 292 26 384 337 277 72 214 423 41
246 192 255 232 56 141 30 439 432 374 169 151 363 14 105 286 46 309 192 9 441 441 408 207 48 276 144 408 362 337 196 67 276 389 340 33 295 156 321 269 194 331 156 122 115 315 455 243 329 409
9 379 397 323 189 356 382 375 132 306 165 434 439 370 461 266 181 424 187 197 119 163 236 233 166 75 413 393 144 456 450 21 305 122 216 132 408 451 439 366 316 402 294 39 334 294 331 129 354 452
141 181 329 169 430 234 113 385 104 132 370 374 248 404 79 246 38 454 96 388 439 252 70 185 423 260 177 183 403 317 153 104 71 218 341 151 156 124 49 428 321 443 33 88 233 322 113 201 456 22
185 326 280 316 182 67 130 331 303 421 151 49 329 333 141 97 329 320 284 181 91 137 144 206 71 189 346 329 210 259 4 85 38 160 307 309 133 357 280 331 385 362 122 151 147 192 84 229 151 99
49 48 302 309 82 7 262 98 292 416 256 246 147 320 112 369 244 422 354 160 96 277 309 109 125 423 179 413 174 427 338 130 31 150 70 356 156 191 134 223 399 75 280 311 283 1 401 64 113 154
254 70 349 125 183 154 76 63 208 252 71 331 327 456 4 456 328 9 375 100 181 147 176 445 421 342 149 403 354 270 280 263 288 197 16 49 218 147 457 337 285 264 187 379 292 286 303 120 172 257
105 425 329 415 320 3 323 280 71 458 84 102 404 46 342 49 68 185 33 190 385 454 83 132 4 150 177 354 422 90 175 282 82 362 252 455 58 430 7 407 22 81 286 129 96 200 367 60 152 231
169 340 111 454 98 162 404 285 441 160 250 70 443 29 438 190 454 316 385 103 340 50 252 379 51 83 70 100 45 178 413 234 393 199 138 267 49 52 289 339 169 363 315 194 413 176 275 50 39 432
269 374 336 110 349 449 48 51 393 7 9 447 83 92 89 254 419 356 22 189 309 224 139 254 46 140 394 340 211 344 224 99 87 159 323 36 177 71 456 456 355 422 406 386 129 132 20 236 132 271
337 442 92 147 228 354 72 8 442 15 323 280 269 63 333 113 129 134 190 234 45 162 382 198 418 250 430 49 151 286 296 323 192 455 168 79 234 79 70 235 141 429 163 238 182 393 215 22 356 326
422 239 46 89 155 192 127 304 177 415 244 82 244 434 51 48 414 21 418 181 0 181 239 264 422 388 322 106 285 35 173 288 57 224 104 412 373 422 328 239 63 455 458 77 382 439 141 106 156 161
255 314 33 199 58 163 151 211 412 225 91 292 96 97 305 132 342 136 316 356 156 389 356 160 389 151 105 462 169 379 65 176 79 302 18 199 419 162 340 177 399 199 398 97 282 460 371 168 105 419
