47 106
-1 1095 160 -1 924 89 0 -1 890 0 1067 0 93 -1 -1 0 31 730 407 -1 32 780 592 954 -1 420 -1 886 -1 347 -1 622 456 126 448 0 1099 -1 1058 1078 790 -1 1026 197 207 -1 -1
148 229 -1 -1 488 -1 0 261 663 626 -1 0 0 749 269 0 259 -1 -1 973 -1 976 -1 0 0 346 -1 -1 453 276 33 0 927 0 0 -1 -1 -1 0 851 0 324 865 0 501 772 1001
0 125 827 471 -1 949 441 -1 -1 0 -1 -1 1043 0 -1 -1 -1 632 -1 0 362 741 1052 60 415 0 -1 133 5 0 0 313 568 206 250 0 -1 0 -1 -1 1097 537 -1 0 0 885 1025
0 -1 0 752 -1 0 -1 688 766 103 732 74 0 124 778 -1 67 1081 913 108 449 383 917 807 0 399 -1 87 0 0 0 543 0 857 0 540 0 -1 0 -1 673 224 -1 0 306 0 176
228 -1 0 -1 -1 -1 -1 299 575 0 408 0 0 -1 0 120 -1 -1 0 -1 576 -1 972 768 0 145 -1 0 19 838 -1 683 -1 705 0 -1 -1 -1 723 611 213 -1 0 0 0 331 0
0 314 -1 166 109 -1 557 351 334 53 -1 -1 870 0 -1 1069 872 -1 1064 519 -1 625 500 -1 100 648 0 -1 682 -1 1045 987 590 0 309 -1 -1 777 591 713 210 -1 -1 1032 -1 491 1103
227 392 850 44 -1 715 829 975 899 381 0 753 804 43 478 -1 0 900 0 143 631 -1 -1 0 317 0 0 856 318 0 0 0 1 0 444 268 121 0 747 882 -1 514 -1 141 0 251 -1
-1 896 -1 462 -1 -1 686 432 883 -1 -1 0 -1 1085 -1 0 0 0 1023 0 0 0 0 281 641 -1 -1 0 0 -1 800 547 6 105 0 923 0 -1 -1 -1 -1 165 366 45 179 0 0
-1 0 -1 512 891 0 799 376 -1 953 -1 717 0 86 0 -1 587 0 0 118 79 338 534 1073 0 0 -1 0 697 869 -1 223 0 0 -1 -1 761 253 862 0 0 254 667 0 209 0 -1
0 0 -1 -1 -1 816 384 398 -1 477 -1 569 0 0 670 614 0 0 -1 1034 930 -1 0 0 668 1017 0 536 1086 285 0 -1 998 0 0 -1 0 920 0 852 -1 694 0 839 65 847 926
738 71 -1 653 769 -1 -1 -1 -1 657 -1 389 -1 563 -1 581 151 887 -1 978 -1 0 -1 566 0 88 542 479 0 -1 931 -1 0 609 -1 1044 0 0 0 172 669 0 824 -1 1042 0 564
521 1024 919 0 0 754 0 505 -1 200 961 -1 -1 782 -1 72 691 -1 -1 355 789 146 0 134 921 460 -1 147 370 -1 601 319 0 234 421 548 -1 37 552 779 864 0 474 300 367 -1 -1
876 -1 359 995 101 -1 -1 -1 193 980 352 0 844 446 783 687 -1 0 -1 111 298 380 884 0 988 0 786 292 -1 455 -1 62 -1 66 -1 -1 3 0 0 0 863 -1 0 -1 -1 73 -1
833 802 -1 991 695 866 815 -1 0 201 0 570 -1 660 0 843 624 -1 -1 271 -1 0 302 1100 242 652 280 -1 -1 617 0 27 -1 288 -1 0 0 -1 620 651 989 0 -1 341 -1 -1 1096
-1 -1 0 0 911 1030 603 0 0 158 249 658 0 840 221 -1 941 0 8 186 690 925 0 379 -1 0 0 -1 528 0 0 212 0 774 0 -1 -1 0 0 572 -1 1002 -1 238 -1 97 137
0 312 -1 -1 963 508 0 1050 182 -1 356 284 -1 0 0 -1 875 1068 0 929 0 1092 -1 -1 0 0 787 461 0 0 950 0 955 -1 1035 0 -1 545 -1 4 -1 264 914 0 1054 -1 23
295 710 -1 1079 1071 -1 1006 -1 796 0 1033 492 -1 647 791 0 440 0 -1 -1 431 -1 836 1049 247 106 1039 -1 350 965 944 607 0 -1 1038 258 629 638 0 0 0 75 -1 0 -1 -1 -1
-1 361 693 112 -1 727 0 0 646 -1 574 586 0 475 0 0 -1 0 0 -1 -1 616 -1 0 781 952 -1 -1 -1 0 1066 0 104 0 0 -1 -1 0 -1 559 1107 712 0 326 990 0 -1
0 131 767 -1 0 320 -1 0 123 216 797 -1 0 675 0 0 659 784 278 82 905 -1 820 138 745 0 967 0 0 386 788 267 0 0 236 855 58 0 0 372 1012 -1 -1 729 -1 -1 -1
970 -1 -1 0 463 394 1018 192 1040 263 0 708 -1 437 912 -1 171 0 -1 997 0 0 740 0 0 0 935 -1 947 0 155 757 -1 0 0 1106 -1 290 26 689 541 0 52 742 1008 233 737
246 283 -1 373 619 1005 96 0 1014 -1 0 54 618 -1 -1 0 0 503 393 -1 -1 621 -1 597 -1 -1 -1 -1 468 358 152 -1 630 726 -1 0 485 756 0 0 464 29 94 0 0 -1 -1
-1 793 -1 1060 -1 678 -1 -1 163 113 938 0 0 0 0 0 655 943 0 758 -1 0 0 554 135 762 0 25 1055 898 562 0 202 594 635 -1 1089 -1 245 821 1027 0 2 544 985 1022 447
494 377 321 41 175 0 -1 0 -1 0 0 244 315 -1 916 966 -1 1011 650 411 805 0 24 0 48 127 0 16 0 -1 832 199 1010 308 580 0 707 546 0 -1 0 -1 735 509 0 0 396
465 731 1098 -1 387 -1 0 0 169 685 0 0 -1 0 567 922 0 329 0 -1 375 482 0 0 0 750 119 -1 -1 835 879 -1 -1 -1 -1 878 -1 1074 588 0 957 0 933 0 -1 -1 845
0 608 -1 0 0 -1 0 633 -1 0 0 502 0 0 551 1109 -1 424 0 704 68 636 996 0 484 -1 336 332 958 369 0 274 814 -1 -1 532 0 1019 -1 467 504 215 510 602 -1 736 -1
0 525 34 17 1041 0 711 0 0 -1 185 516 0 600 760 1091 -1 -1 226 716 698 357 0 -1 46 0 744 -1 142 77 676 977 -1 0 0 436 499 417 560 764 0 0 940 438 0 -1 948
0 0 164 -1 222 -1 889 -1 476 161 -1 -1 0 -1 1056 808 910 64 -1 -1 76 0 0 0 748 1065 -1 0 0 637 345 0 643 9 442 1051 817 0 1108 1003 0 188 0 240 -1 371 0
339 -1 -1 -1 -1 38 649 0 -1 -1 0 1104 -1 666 443 -1 776 822 -1 853 409 416 -1 154 130 -1 12 714 235 0 -1 -1 0 403 0 0 180 385 -1 539 -1 330 0 349 858 0 -1
0 718 0 0 0 -1 -1 518 -1 0 -1 0 999 -1 219 0 333 162 894 279 -1 946 0 0 260 -1 -1 0 117 628 -1 0 0 -1 0 553 0 -1 218 956 909 794 0 -1 555 1013 724
751 0 -1 0 0 -1 994 -1 645 0 -1 803 -1 297 -1 0 -1 0 1082 830 427 0 -1 395 0 848 0 304 311 0 0 0 -1 0 0 208 327 388 0 -1 -1 0 0 0 684 0 -1
184 696 721 211 11 466 -1 -1 14 452 0 40 457 0 406 128 0 0 0 344 0 733 656 450 0 0 0 725 -1 0 435 -1 382 232 0 837 -1 -1 -1 -1 0 -1 451 178 0 811 -1
1048 -1 565 823 342 122 0 -1 1094 -1 0 0 0 0 483 265 0 454 1029 0 0 391 0 -1 0 -1 0 157 0 63 -1 529 428 0 0 433 951 -1 0 1093 0 0 906 0 0 78 0
0 -1 99 561 203 -1 834 623 1031 459 363 1101 -1 -1 273 -1 -1 0 -1 -1 -1 -1 -1 1076 -1 -1 -1 0 0 0 1083 974 -1 -1 390 83 1087 275 -1 90 85 -1 982 813 0 -1 0
337 -1 353 842 739 0 934 523 28 0 -1 18 0 481 826 497 582 0 627 859 458 272 612 -1 445 1057 0 -1 473 418 -1 0 828 -1 -1 605 -1 81 0 -1 962 170 0 -1 310 0 426
425 107 873 -1 49 908 -1 606 0 144 -1 0 0 806 191 -1 149 0 217 -1 0 888 257 841 277 -1 -1 196 291 702 -1 979 0 775 -1 469 595 0 531 831 0 992 -1 0 189 340 239
0 303 0 573 755 -1 316 -1 969 69 0 -1 -1 936 706 -1 871 0 0 156 849 773 190 897 348 661 722 30 414 -1 1037 0 323 -1 0 579 252 412 0 -1 256 868 -1 0 230 22 720
70 0 36 993 0 533 -1 183 507 728 0 1063 -1 397 549 1102 0 0 901 129 942 174 0 903 0 0 50 0 0 0 939 430 139 405 1075 0 613 0 0 195 181 0 10 -1 763 -1 0
-1 47 0 -1 365 610 -1 0 -1 -1 1000 225 -1 248 795 0 0 0 402 159 0 293 932 173 -1 -1 0 571 0 -1 513 0 -1 798 530 -1 945 819 558 1090 846 895 0 413 -1 734 692
0 55 0 -1 204 -1 429 0 -1 136 0 -1 0 0 0 -1 35 0 880 287 1061 0 489 95 -1 -1 21 80 243 642 -1 0 98 1046 -1 -1 0 39 -1 -1 480 -1 1059 -1 0 0 -1
881 335 472 270 0 0 1105 0 968 0 7 1007 -1 640 -1 1028 0 0 0 296 585 266 877 231 -1 -1 -1 -1 132 115 294 56 -1 0 0 -1 928 1015 680 -1 662 434 0 0 -1 959 0
-1 0 59 -1 92 0 0 0 1080 0 -1 538 639 -1 0 0 818 615 495 792 -1 984 0 -1 709 -1 -1 -1 0 0 -1 0 -1 1070 0 354 0 681 0 861 364 102 15 -1 177 699 498
140 423 0 -1 -1 -1 0 0 0 -1 -1 0 1047 0 401 674 1072 -1 -1 -1 0 825 677 205 0 410 0 301 -1 960 854 0 -1 765 194 0 526 0 -1 964 0 0 -1 322 771 -1 0
-1 700 665 907 150 506 -1 -1 -1 -1 84 0 719 490 0 419 0 42 486 0 -1 167 -1 0 522 -1 1062 493 0 0 0 368 400 0 918 535 -1 0 -1 892 589 577 -1 307 672 874 0
1053 743 -1 0 -1 -1 187 520 -1 0 374 593 -1 -1 262 404 51 867 860 -1 -1 1009 -1 0 -1 0 20 -1 812 -1 578 0 809 -1 0 511 114 -1 604 -1 305 -1 0 0 343 981 -1
57 596 328 785 671 0 422 0 198 904 -1 439 1077 0 -1 -1 515 599 255 0 0 116 0 703 584 524 527 0 -1 644 487 -1 -1 0 214 -1 -1 0 -1 517 1036 91 0 -1 0 -1 -1
550 -1 0 902 -1 0 664 0 -1 937 810 61 -1 0 654 153 -1 470 0 634 -1 -1 983 -1 893 -1 801 0 0 168 110 0 0 583 1021 325 0 770 0 679 0 -1 -1 0 496 0 -1
0 0 -1 556 0 0 282 1016 1004 -1 746 1084 -1 286 0 0 0 -1 237 -1 971 0 378 -1 915 1020 13 -1 360 220 -1 0 1088 -1 0 759 -1 -1 -1 986 0 -1 241 0 701 289 598
-1 290 571 -1 812 366 0 -1 434 880 767 979 972 -1 -1 0 604 160 1005 -1 620 234 878 1042 -1 56 -1 270 -1 275 -1 110 487 135 643 0 468 -1 599 830 1050 -1 0 888 890 -1 -1
365 98 -1 -1 0 -1 868 937 1000 528 -1 399 439 0 40 0 652 -1 -1 90 -1 860 -1 369 1004 233 -1 -1 0 192 362 167 546 960 438 -1 -1 -1 245 598 895 874 0 706 34 829 150
313 695 0 376 -1 0 0 -1 -1 702 -1 -1 0 0 -1 -1 -1 805 -1 0 0 153 0 548 193 646 -1 518 0 742 0 0 0 994 0 752 -1 467 -1 -1 380 1085 -1 0 415 325 408
0 -1 0 1015 -1 0 -1 0 1035 482 707 0 335 930 0 -1 210 704 0 525 563 1098 463 0 52 0 -1 662 371 361 787 628 743 0 0 424 113 -1 0 -1 383 558 -1 202 352 833 0
49 -1 0 -1 -1 -1 -1 1020 0 107 1108 0 1073 -1 1055 0 -1 -1 524 -1 954 -1 0 0 1103 0 -1 0 253 986 -1 946 -1 0 624 -1 -1 -1 18 0 0 -1 0 515 337 0 450
959 477 -1 873 687 -1 802 724 0 0 -1 -1 462 0 -1 773 0 -1 965 796 -1 0 553 -1 397 410 1087 -1 849 -1 0 0 0 969 562 -1 -1 183 0 0 0 -1 -1 922 -1 0 703
574 0 246 0 -1 0 634 0 252 0 171 0 728 0 1104 -1 322 0 699 2 0 -1 -1 472 581 149 1054 1024 127 816 0 1039 106 432 0 50 68 0 474 91 -1 966 -1 0 119 992 -1
-1 175 -1 265 -1 -1 188 0 294 -1 -1 544 -1 0 -1 356 320 613 846 1041 0 0 705 297 920 -1 -1 0 0 -1 0 923 0 0 934 641 0 -1 -1 -1 -1 0 0 1102 0 168 121
-1 837 -1 654 0 449 395 679 -1 130 -1 0 614 0 0 -1 0 0 0 0 766 996 0 549 0 0 -1 0 0 37 -1 0 995 0 -1 -1 698 0 0 1084 859 876 567 137 1057 0 -1
0 53 -1 -1 -1 459 589 843 -1 973 -1 0 964 512 0 0 412 116 -1 0 720 -1 350 5 857 0 0 504 587 181 0 -1 22 1059 0 -1 0 847 769 186 -1 323 0 452 0 426 0
955 404 -1 666 0 -1 -1 -1 -1 910 -1 1081 -1 255 -1 0 932 550 -1 21 -1 506 -1 904 835 339 480 0 25 -1 0 -1 0 745 -1 950 667 0 291 117 312 727 0 -1 420 0 0
0 241 1032 0 759 0 0 651 -1 92 900 -1 -1 0 -1 269 517 -1 -1 427 0 141 51 520 1095 372 -1 0 691 -1 354 0 38 557 278 559 -1 933 851 953 561 0 658 0 490 -1 -1
0 -1 481 0 786 -1 -1 -1 131 0 105 0 636 0 0 1023 -1 827 -1 616 16 0 85 697 296 869 0 663 -1 444 -1 594 -1 287 -1 -1 0 514 0 258 0 -1 602 -1 -1 925 -1
0 99 -1 0 221 648 689 -1 779 247 0 0 -1 479 682 0 519 -1 -1 659 -1 968 470 0 0 0 1021 -1 -1 632 865 196 -1 0 -1 681 0 -1 1034 831 1046 0 -1 367 -1 -1 810
-1 -1 0 0 0 115 585 0 605 461 248 887 112 952 685 -1 0 0 0 901 540 899 0 0 -1 962 229 -1 259 508 448 0 0 0 898 -1 -1 155 0 556 -1 373 -1 0 -1 1061 311
345 924 -1 -1 0 491 453 0 510 -1 980 71 -1 1008 0 -1 39 0 0 0 526 0 -1 -1 488 0 0 319 197 638 0 735 907 -1 1038 511 -1 527 -1 797 -1 0 639 509 0 -1 927
1099 387 -1 656 715 -1 125 -1 940 384 570 139 -1 276 87 618 298 0 -1 -1 340 -1 597 0 343 436 902 -1 1051 700 0 142 1058 -1 315 0 333 455 807 503 978 0 -1 0 -1 -1 -1
-1 0 0 0 -1 664 0 0 483 -1 799 220 0 619 872 0 -1 538 157 -1 -1 0 -1 331 393 0 -1 -1 -1 0 238 0 0 0 617 -1 -1 889 -1 0 0 0 844 257 0 0 -1
179 984 0 -1 1043 555 -1 0 0 0 852 -1 0 0 440 1012 8 0 251 203 0 -1 905 554 54 273 719 118 633 0 15 73 1017 0 0 1086 680 502 176 0 445 -1 -1 626 -1 -1 -1
622 -1 -1 522 635 0 0 26 915 134 0 249 -1 909 64 -1 224 0 -1 0 642 0 493 429 0 0 1077 -1 0 1037 0 401 -1 714 24 921 -1 1094 861 650 0 0 414 0 0 1092 476
1007 177 -1 862 848 0 0 165 0 -1 0 0 441 -1 -1 166 321 784 0 -1 -1 330 -1 235 -1 -1 -1 -1 800 0 788 -1 161 676 -1 0 0 1025 690 0 611 212 124 0 0 -1 -1
-1 0 -1 1013 -1 537 -1 -1 447 1003 0 63 694 83 379 364 961 612 0 457 -1 111 174 0 191 152 42 108 0 1074 817 261 906 1067 0 -1 1044 -1 532 169 0 1052 0 0 86 866 0
582 0 712 0 1030 949 -1 133 -1 0 0 0 0 -1 985 649 -1 208 36 0 288 593 916 0 513 190 0 841 692 -1 0 0 0 839 0 0 1022 0 576 -1 0 -1 855 206 341 0 475
0 242 0 -1 838 -1 734 231 100 0 0 374 -1 126 226 0 307 59 0 -1 1079 0 929 378 785 0 201 -1 -1 0 0 -1 -1 -1 -1 0 -1 1006 530 0 495 892 0 0 -1 -1 0
595 881 -1 0 0 -1 0 751 -1 11 464 77 600 0 579 41 -1 577 0 469 0 409 741 76 60 -1 0 219 494 282 0 0 0 -1 -1 0 0 1028 -1 0 970 0 746 0 -1 0 -1
521 0 661 223 0 437 897 0 993 -1 794 809 0 931 240 1049 -1 -1 609 0 516 0 250 -1 302 821 0 -1 0 0 710 0 -1 421 35 0 496 912 0 758 89 0 47 0 230 -1 0
1045 669 283 -1 334 -1 363 -1 0 388 -1 -1 1053 -1 295 967 730 0 -1 -1 0 825 858 938 0 303 -1 23 305 988 771 535 1009 822 0 0 213 0 318 723 32 1002 0 0 -1 1076 370
211 -1 -1 -1 -1 976 655 327 -1 -1 0 0 -1 446 172 -1 101 465 -1 411 1016 109 -1 0 1106 -1 0 739 826 736 -1 -1 187 507 189 1070 1019 0 -1 0 -1 182 1088 686 0 0 -1
277 1075 0 717 1 -1 -1 45 -1 148 -1 975 74 -1 0 801 195 0 0 0 -1 879 725 778 271 -1 -1 580 671 144 -1 756 138 -1 1064 709 102 -1 748 0 81 435 0 -1 711 0 919
733 1066 -1 1040 790 -1 216 -1 0 306 -1 750 -1 489 -1 674 -1 0 0 173 864 0 -1 279 55 0 443 4 163 158 263 575 -1 0 84 870 0 894 928 -1 -1 33 982 460 0 353 -1
0 0 0 0 0 300 -1 -1 776 0 0 971 0 670 0 625 120 732 419 610 0 0 184 0 262 0 677 0 -1 782 0 -1 405 0 541 390 -1 -1 -1 -1 1100 -1 0 853 941 665 -1
0 -1 391 0 0 97 301 -1 963 -1 274 505 828 958 0 998 0 316 534 6 418 400 0 -1 0 -1 428 989 0 0 -1 875 926 417 0 0 999 -1 1010 877 0 1018 0 236 763 0 1031
990 -1 0 645 304 -1 0 947 79 433 286 637 -1 -1 326 -1 -1 591 -1 -1 -1 -1 -1 0 -1 -1 -1 0 0 0 398 668 -1 -1 948 128 162 0 -1 765 863 -1 0 0 615 -1 198
217 -1 761 0 893 239 0 945 747 564 -1 772 588 389 355 623 402 0 500 0 0 836 359 -1 1011 218 683 -1 644 738 -1 0 653 -1 -1 956 -1 349 0 -1 755 722 596 -1 351 31 430
180 0 486 -1 80 416 -1 0 840 713 -1 43 911 981 0 -1 394 407 774 -1 299 914 44 70 151 -1 -1 0 551 0 -1 12 122 1097 -1 0 0 768 281 0 832 0 -1 762 0 0 789
442 222 471 630 0 -1 214 -1 317 0 30 -1 -1 0 754 -1 0 0 760 936 1014 0 547 9 0 531 944 129 0 -1 0 145 1036 -1 987 0 0 123 757 -1 583 806 -1 0 0 0 382
485 377 61 0 0 917 -1 0 693 423 0 132 -1 0 0 0 227 1091 672 896 0 501 1096 484 0 386 324 199 908 338 726 0 0 0 913 1082 0 573 845 0 607 1001 72 -1 678 -1 103
-1 0 1080 -1 740 88 -1 850 -1 -1 310 0 -1 454 675 792 178 0 606 0 458 770 0 0 -1 -1 28 798 96 -1 164 425 -1 0 29 -1 592 813 536 1047 781 0 0 498 -1 0 46
1027 0 0 -1 854 -1 0 820 -1 942 237 -1 0 66 10 -1 13 0 834 357 244 268 204 775 -1 -1 329 332 309 0 -1 718 344 75 -1 -1 0 0 -1 -1 69 -1 1026 -1 0 156 -1
289 1065 67 478 542 1071 280 328 27 272 640 939 -1 629 -1 266 1107 136 0 0 0 601 348 375 -1 -1 -1 -1 871 0 842 200 -1 358 991 -1 1090 780 185 -1 1078 814 492 0 -1 406 0
-1 0 146 -1 20 731 823 114 0 0 -1 293 1063 -1 473 1048 824 0 660 0 -1 347 1093 -1 744 -1 -1 -1 497 0 -1 0 -1 818 753 688 170 0 0 0 578 154 260 -1 729 565 57
529 918 368 -1 -1 -1 0 0 1068 -1 -1 94 764 0 657 1056 65 -1 -1 -1 777 0 7 0 891 523 0 243 -1 0 385 232 -1 0 569 0 215 292 -1 0 1060 977 -1 957 1101 -1 0
-1 0 0 0 737 997 -1 -1 -1 -1 590 584 1083 0 708 0 1033 1105 147 0 -1 0 -1 0 285 -1 0 795 0 568 935 0 336 0 886 0 -1 0 -1 17 264 422 -1 673 0 0 608
552 0 -1 360 -1 -1 0 0 -1 586 0 566 -1 -1 0 819 533 1089 0 -1 -1 811 -1 0 -1 0 882 -1 346 -1 342 207 0 -1 0 951 0 -1 0 -1 225 -1 572 749 0 716 -1
159 62 0 0 804 0 267 783 1069 0 -1 403 0 631 -1 -1 392 95 867 0 205 0 647 0 0 194 0 14 -1 0 19 -1 -1 0 0 -1 -1 256 -1 0 209 82 78 -1 143 -1 -1
1072 -1 314 721 -1 396 466 228 -1 254 943 93 -1 0 803 0 -1 381 140 0 -1 -1 539 -1 621 -1 0 1109 627 0 0 701 983 0 413 456 308 0 0 885 903 -1 -1 0 284 791 -1
104 0 -1 0 0 451 499 0 0 -1 58 1062 -1 0 3 431 545 -1 48 -1 974 0 856 -1 884 560 684 -1 793 603 -1 543 815 -1 0 0 -1 -1 -1 696 0 -1 808 0 1029 0 883
