48 135
0 686 834 0 0 0 259 1069 0 818 896 0 0 385 64 346 553 0 0 478 628 936 0 0 0 720 0 697 1256 0 125 924 736 258 466 87 0 715 0 0 0 0 412 121 357 0 169 1232
0 0 963 0 793 427 642 1110 0 0 531 0 1288 0 877 0 0 105 929 0 314 548 613 861 0 970 0 950 65 1212 0 0 0 787 0 0 1136 0 1080 312 889 0 1009 0 0 699 0 634
923 1261 1030 46 731 0 0 0 988 637 833 797 1235 28 702 788 195 0 268 1164 0 0 0 0 453 1298 0 631 134 480 92 198 1097 354 522 382 0 515 769 240 0 488 1303 0 598 990 0 0
0 1214 1245 38 294 487 511 0 0 0 819 695 1224 409 0 1300 1204 0 0 653 0 73 580 476 0 0 0 1007 0 1091 0 379 0 410 965 558 1055 0 0 83 901 0 328 0 1287 0 310 108
1120 0 369 136 536 952 1170 823 0 0 792 238 0 629 0 452 801 0 0 0 0 0 0 66 1206 534 0 81 0 0 283 1089 1060 0 967 1074 0 1073 0 0 1201 0 0 0 1078 0 0 0
20 0 1108 0 734 213 0 181 228 0 672 1289 625 0 492 1051 59 518 779 1237 0 758 0 0 0 384 16 0 1225 794 229 348 0 0 0 931 0 751 770 0 0 295 1203 959 0 871 0 708
0 0 0 0 221 0 1227 0 362 0 1151 766 405 899 0 306 0 489 1173 0 0 62 130 0 868 0 908 584 603 1191 96 1044 220 1083 955 380 0 205 1104 617 147 111 1167 237 0 0 1231 0
34 119 900 0 402 0 903 0 704 413 1213 0 0 0 3 0 289 0 0 0 0 432 643 646 0 0 742 0 670 0 0 0 0 0 1142 555 0 966 299 729 566 961 0 296 910 0 0 0
343 399 855 881 0 914 0 738 0 1218 0 414 144 817 1095 0 782 0 255 0 927 0 0 0 0 0 0 0 0 0 0 942 526 0 151 1279 0 0 657 0 0 0 0 1264 122 0 974 891
211 61 6 71 0 0 241 70 424 1183 17 1053 277 954 926 971 0 0 659 1163 90 0 0 0 814 0 0 1131 0 752 0 1304 0 569 398 933 297 0 1057 0 191 0 0 265 512 0 1100 513
0 444 497 680 832 706 0 0 535 1258 396 0 540 509 627 0 367 276 0 0 1086 1067 0 436 0 68 290 1056 1115 0 1275 407 263 72 0 0 1162 163 22 101 980 0 1172 1032 182 975 0 0
0 1070 60 647 342 633 1144 904 1140 375 0 570 1041 0 0 0 372 0 0 187 564 0 313 493 304 11 391 807 0 0 0 0 0 490 619 320 905 0 0 0 439 767 0 0 196 802 359 1084
753 141 784 0 39 0 0 0 639 1011 694 260 1179 863 0 0 264 0 58 993 0 1111 271 1121 1063 0 0 0 0 0 806 1211 0 998 0 710 0 740 0 0 0 1180 780 803 1048 0 1230 1273
591 0 0 884 1178 915 716 0 336 285 329 287 103 552 754 0 0 100 381 0 1025 0 0 0 1285 1184 0 0 0 0 616 829 0 0 0 1081 1283 0 886 1054 1255 530 0 0 588 351 128 636
422 1016 430 0 612 0 0 0 1156 69 1260 0 250 0 0 262 0 0 838 1029 808 446 590 0 0 129 0 0 0 0 693 1145 0 0 0 0 0 0 0 978 356 0 0 327 0 482 0 683
0 0 1128 918 1102 1259 692 148 0 658 109 0 425 822 0 333 0 0 311 0 307 0 0 1118 340 486 1296 1105 0 0 112 827 286 330 373 33 1266 0 0 0 0 0 344 703 1129 1199 1185 80
917 739 292 462 440 507 0 461 0 0 146 0 0 0 743 0 88 0 0 0 266 1058 428 1278 0 0 0 660 0 23 847 0 0 0 799 1020 0 964 0 14 0 700 0 0 0 0 839 0
1188 0 0 157 0 0 0 403 0 0 117 689 0 0 538 604 0 0 0 152 0 0 0 278 473 0 188 0 825 1071 1270 172 1241 0 0 404 685 0 1150 0 1114 0 0 445 0 0 0 1166
0 280 0 776 0 0 0 851 0 167 0 472 0 0 0 179 0 1068 0 0 0 0 0 0 0 0 930 0 764 763 972 0 0 0 433 35 0 1113 0 164 1253 0 0 0 0 154 0 257
909 0 609 726 302 0 1117 321 688 150 184 1294 0 0 985 0 991 948 0 222 291 648 867 508 717 1010 1243 253 0 0 0 730 0 230 0 0 774 0 0 0 824 0 0 0 1147 0 0 1022
0 214 0 0 576 0 532 655 0 397 308 10 484 0 1154 0 1082 622 1181 746 464 0 0 0 0 434 973 880 131 1013 677 0 0 932 0 1077 528 0 0 744 118 0 269 0 0 0 1229 4
857 249 0 775 0 0 319 714 0 869 0 0 748 0 883 516 0 816 0 256 267 0 203 1101 662 992 261 987 0 745 0 0 364 893 711 951 0 0 935 1263 1132 275 176 0 0 0 49 1149
429 890 0 0 597 0 339 870 300 996 0 0 0 800 204 0 0 520 836 1021 0 0 0 0 0 728 0 0 206 0 854 0 1198 572 852 1064 349 605 0 0 199 0 143 0 0 614 0 216
318 0 173 1090 747 355 760 0 1143 183 0 0 8 0 997 0 0 0 0 1194 0 523 0 0 0 438 940 0 830 790 0 9 0 0 789 145 618 468 549 0 533 0 210 1123 1072 0 0 1217
735 599 0 1094 0 984 0 635 872 0 0 0 0 1028 97 341 0 1119 0 162 231 0 620 0 0 37 474 499 0 0 273 201 0 592 0 0 850 0 0 820 1299 0 0 0 284 41 1277 93
0 608 0 0 0 0 0 0 656 0 0 0 0 626 0 0 0 0 0 0 1286 0 0 925 0 0 0 1116 1059 537 844 0 0 400 560 0 0 875 0 934 177 0 589 0 761 0 0 0
542 860 178 0 0 411 1265 1035 0 0 0 1026 0 0 48 127 691 186 0 0 607 1066 0 51 0 1098 0 1005 721 123 1250 1293 759 1282 0 281 236 426 898 495 1023 0 1160 227 757 0 0 120
0 885 79 0 197 496 960 225 741 55 0 0 713 0 142 325 0 524 0 0 0 0 26 494 0 0 21 586 999 1135 1045 0 725 288 322 45 0 0 94 1124 54 0 1003 1004 595 0 0 449
0 661 0 1076 209 0 1228 994 0 962 219 0 0 0 456 718 232 47 858 0 0 1130 0 919 0 393 640 0 698 547 459 772 0 1006 0 624 0 0 0 841 465 577 0 521 0 0 0 0
671 483 0 539 0 0 1015 0 1002 1157 31 202 0 506 0 168 0 1189 0 0 724 5 0 1018 1262 0 1152 550 25 0 644 153 0 0 165 161 0 888 1050 1220 95 681 323 194 334 0 912 0
0 500 347 212 0 1234 0 234 594 0 233 0 149 0 0 185 0 91 63 1280 675 0 498 0 0 611 1205 0 1195 0 416 0 873 982 431 0 386 1138 578 630 1106 0 938 732 0 652 0 419
395 1284 1269 0 29 862 0 0 0 282 1148 1065 217 0 1126 0 370 0 1193 0 1207 0 956 632 1292 0 527 1236 1036 969 0 556 423 0 0 1297 441 0 0 1127 1238 387 1252 1107 1061 922 1092 0
0 519 0 0 669 1210 1244 0 0 40 371 0 785 0 0 1246 0 451 0 469 166 0 159 0 0 0 0 551 1024 467 401 0 366 0 1047 0 0 0 24 43 56 944 0 796 874 171 920 337
0 0 0 0 623 460 200 0 0 587 1033 479 0 12 621 463 383 0 983 679 0 442 0 0 140 0 170 0 0 1208 0 0 417 0 1171 1085 673 0 1099 945 1008 0 352 795 1226 0 1215 1272
1075 0 0 610 0 0 815 0 986 104 326 0 448 353 0 0 0 378 0 1240 895 99 707 1295 750 1155 638 0 579 563 135 0 723 525 0 1169 0 902 0 0 654 878 826 1301 0 0 544 0
645 0 805 1219 755 0 0 251 1137 447 0 1012 663 543 602 481 949 0 0 1190 554 0 0 89 1153 420 573 114 0 1087 0 0 1 0 0 1209 0 485 676 0 1302 696 828 664 906 293 1039 1040
0 0 0 0 1046 1134 667 0 0 791 0 1027 388 36 1019 911 1049 0 505 0 0 921 582 0 1242 0 928 1112 174 389 53 1062 0 408 376 0 0 0 1125 0 0 0 0 897 865 107 0 601
0 1257 454 0 546 0 561 0 305 0 406 0 0 0 67 245 749 947 777 0 1177 0 0 0 957 574 1186 1197 0 475 0 0 0 0 435 332 156 1133 606 1031 0 0 0 0 943 0 0 115
1196 0 363 0 133 437 668 0 270 126 968 529 0 0 0 798 491 1248 0 0 0 989 137 324 1158 0 0 0 0 0 0 0 0 514 0 450 470 946 666 727 1276 0 0 239 192 641 0 86
853 845 1079 0 279 615 0 415 0 0 0 977 0 0 0 0 0 690 831 0 0 773 27 1182 0 139 1175 0 0 0 503 1222 722 477 78 0 0 674 843 0 510 810 0 0 0 941 457 1043
756 155 0 0 846 317 85 0 471 0 1274 1014 0 907 0 0 651 0 247 0 138 0 541 1093 226 1249 0 0 0 1001 0 0 876 1200 0 1141 0 15 1042 0 82 719 1122 567 180 0 1168 0
360 0 0 0 243 0 215 501 882 1202 0 1268 892 0 0 1254 0 939 568 0 0 1221 1290 937 0 1096 783 0 0 701 106 0 0 0 765 1088 0 160 0 0 0 665 1139 565 786 0 0 0
0 781 1034 0 0 0 0 596 0 0 1103 0 502 0 0 0 0 75 0 0 0 0 394 0 0 916 0 575 1247 0 158 0 976 1052 0 0 0 0 0 0 113 778 365 272 812 0 0 737
0 866 0 374 0 0 1223 0 842 0 0 848 0 0 0 418 0 0 84 557 0 30 1192 712 301 856 248 254 390 0 1233 1159 298 0 0 705 0 678 74 1109 894 368 42 223 193 207 0 684
0 242 331 0 0 0 953 0 0 0 458 0 958 559 338 0 0 0 0 50 274 981 350 583 0 309 345 849 0 0 218 0 0 733 687 98 0 1281 0 0 0 0 0 887 0 7 0 1000
1174 682 0 0 600 0 116 0 0 0 208 0 545 821 0 1251 879 1239 224 0 18 0 0 1271 1146 0 0 19 0 837 1216 0 562 0 0 0 1176 361 0 0 52 102 0 0 0 804 593 175
709 650 809 0 77 0 835 0 762 0 840 771 124 132 32 0 0 0 252 0 0 303 335 1187 0 0 0 1267 455 0 571 377 0 189 504 2 1161 0 76 316 864 0 246 0 110 44 0 811
0 0 315 1165 0 0 1291 244 995 0 0 13 0 0 813 235 1037 0 0 0 0 0 190 392 0 421 1017 0 0 768 913 649 0 0 581 0 0 979 1038 859 0 443 517 0 585 57 0 358
0 799 547 0 1275 82 0 185 397 1116 685 391 0 1126 625 1101 877 0 201 1047 946 0 1043 0 0 0 129 838 0 0 53 0 820 206 209 73 0 791 0 987 734 0 1026 0 0 576 0 1110
199 1249 783 982 935 963 0 618 0 508 0 0 775 317 0 160 0 466 550 977 0 1172 316 0 613 0 1291 492 457 0 0 1042 309 914 1079 1091 769 1157 604 857 1053 553 709 0 91 0 0 892
0 0 1266 17 0 355 154 539 148 180 0 0 889 593 938 281 0 0 737 638 221 0 0 699 0 710 1236 617 573 1214 738 931 0 1096 0 2 0 764 917 0 701 437 1065 0 595 921 616 1102
0 1090 0 0 1051 1294 399 0 0 0 1271 0 1213 0 1150 0 184 556 897 853 809 0 0 0 678 0 0 1298 163 0 0 110 803 1286 0 45 0 591 25 207 670 0 0 105 211 0 0 0
0 0 747 0 0 174 1120 723 229 802 1085 0 0 247 505 0 1008 1021 666 636 0 34 0 545 0 0 0 0 390 0 681 124 1140 376 0 535 970 0 0 0 0 656 213 973 0 0 0 837
0 600 0 0 9 611 418 0 178 0 332 565 601 151 422 459 495 0 0 0 0 435 880 236 1149 0 526 0 934 62 0 673 0 0 1036 0 302 834 0 909 1012 0 1049 0 1141 0 1281 146
0 815 958 0 37 0 577 952 559 1104 0 907 828 0 0 0 520 92 10 733 0 0 0 0 0 705 918 1099 0 0 0 479 181 0 0 169 865 0 0 322 128 0 859 420 0 133 0 0
0 85 0 0 0 345 0 0 1155 27 230 0 0 22 173 0 674 282 650 0 513 510 0 0 0 30 0 0 1264 0 1304 0 0 98 0 795 0 978 785 0 0 796 227 516 0 1108 835 0
0 375 0 0 96 0 669 1297 250 125 43 0 0 0 523 392 50 1210 0 0 1134 1243 102 446 469 0 1205 0 0 0 1173 564 0 1146 937 0 0 0 13 585 671 24 846 0 804 405 652 0
887 0 863 891 816 0 40 0 1113 765 0 0 849 0 194 1083 0 1202 1081 0 0 0 0 0 362 0 455 0 0 0 742 0 543 448 0 1189 0 1288 0 0 639 0 1217 1123 1098 0 0 949
0 1009 271 324 0 0 574 818 0 980 0 0 966 352 130 0 0 0 544 0 21 253 0 1109 186 793 140 0 1228 0 0 1055 1270 0 1178 0 1273 1299 503 0 0 854 0 330 1112 995 0 0
122 0 1204 0 788 0 967 1029 314 586 369 1239 736 0 904 0 0 1300 0 598 561 0 630 1296 1059 1279 0 0 86 0 113 984 0 1241 0 0 1277 0 1005 35 0 0 0 715 0 567 0 0
166 0 0 0 0 0 1229 0 331 948 1139 483 659 0 0 1231 706 0 0 234 0 0 922 0 0 1303 0 480 0 663 287 0 0 101 866 0 0 0 0 817 340 732 0 0 549 0 1244 0
0 239 0 0 3 0 693 315 555 339 0 433 959 0 0 0 0 687 168 0 0 0 0 0 0 44 15 225 0 68 1257 0 0 672 0 1142 0 1187 928 8 0 87 0 0 403 1190 657 121
0 654 1224 702 0 161 319 0 0 612 0 0 910 1256 0 0 70 0 0 443 0 0 0 628 0 258 893 878 511 644 452 0 579 0 575 0 267 0 632 761 744 874 0 0 0 0 0 0
0 0 266 0 220 0 0 0 0 0 0 310 0 0 0 0 532 108 500 749 284 774 0 0 727 498 49 0 920 1276 0 0 0 584 0 222 417 0 780 1001 383 961 434 0 872 0 0 0
990 343 0 231 965 964 424 0 0 382 1246 243 0 1255 0 0 0 522 879 658 0 1274 868 0 615 14 337 986 64 0 252 0 0 1183 626 370 0 1078 0 0 1160 514 0 664 464 1088 0 0
0 0 1260 614 884 1201 152 607 1122 0 0 1212 0 0 1044 0 0 0 1227 0 1114 0 301 1136 1133 0 88 26 0 888 677 714 0 1106 0 431 0 923 867 386 0 850 20 72 1064 275 0 0
0 109 465 378 0 0 0 759 1046 93 812 0 1290 637 0 686 254 875 913 0 0 198 962 0 919 0 0 0 704 629 648 114 1131 926 1027 0 215 757 781 111 756 0 1035 0 830 429 912 0
175 998 743 127 118 1007 0 930 0 182 0 1127 486 0 587 165 0 46 0 0 1135 1252 159 0 1211 896 821 790 488 786 0 1095 0 0 0 0 568 0 0 0 0 862 762 0 237 0 156 1013
905 719 1071 1170 0 0 606 325 729 32 0 0 0 1097 0 41 0 554 0 750 0 259 0 0 468 0 0 0 29 689 0 902 119 0 1143 384 0 0 0 954 929 224 0 1117 67 0 0 0
0 0 189 1061 0 0 1072 789 0 298 1206 0 200 509 528 712 0 0 484 1191 1052 0 28 580 0 1245 0 293 268 0 558 0 0 51 876 0 0 0 214 0 0 187 0 0 1080 476 0 0
0 536 347 0 0 1169 100 0 0 208 911 346 0 364 461 1074 0 506 1258 1248 953 0 996 0 945 0 0 823 569 0 0 0 462 0 499 179 571 711 655 1038 1251 0 0 477 0 0 0 0
0 0 0 0 992 951 581 0 279 0 886 0 0 0 1015 0 295 276 0 1282 988 0 0 144 451 1283 212 0 0 813 277 177 0 1062 0 0 1272 1054 351 60 1032 0 0 415 1182 272 388 635
0 885 668 0 1161 1084 0 95 491 730 0 0 31 1145 679 360 1115 1022 0 798 0 968 0 0 0 1261 731 313 530 819 0 0 881 0 0 0 115 0 0 975 1147 1253 0 860 0 106 0 0
0 0 1050 0 1233 0 0 997 1199 367 974 640 432 716 676 0 366 0 694 0 48 0 5 1259 649 0 1100 1045 1130 0 0 1184 0 1105 274 1024 0 752 147 768 374 0 0 1121 286 661 442 33
139 0 766 1011 0 1208 419 981 0 758 1267 493 0 925 1242 529 0 971 246 0 1200 0 0 537 0 0 1124 307 0 359 0 496 0 191 0 695 1041 270 0 0 0 707 0 164 836 0 0 264
421 1107 0 0 810 0 755 63 623 787 137 449 0 1287 1280 739 645 0 993 409 0 0 696 0 717 557 0 0 741 196 0 94 0 0 1082 0 0 0 589 540 533 760 0 552 58 883 149 0
1167 852 439 507 0 430 0 0 0 356 84 0 0 582 1028 440 972 0 642 321 0 0 1162 0 0 721 413 960 1209 660 1198 257 1094 0 0 1302 624 0 1163 0 845 0 404 306 90 240 0 0
0 205 0 534 525 0 16 320 389 0 0 976 380 605 0 0 1119 662 0 0 138 0 939 0 379 1 0 497 0 1016 0 0 746 566 0 1068 0 0 120 410 0 991 675 1176 0 0 542 126
0 941 0 1168 0 0 407 697 0 0 81 0 89 475 924 318 572 202 327 548 0 300 0 0 0 588 78 957 1057 0 1070 0 690 1196 0 0 365 546 333 0 0 1132 0 470 0 0 0 454
0 641 0 0 1103 408 447 0 188 0 0 116 1158 285 0 0 0 519 0 0 778 1165 278 1153 0 851 0 0 0 1031 0 255 0 0 150 0 19 1148 770 916 0 0 1269 0 0 157 0 0
1177 6 0 393 0 0 0 0 1293 0 0 792 377 1063 0 0 217 83 97 0 890 0 385 805 249 0 794 0 0 0 665 197 521 241 504 0 0 748 0 335 728 238 334 69 0 944 0 183
0 0 428 725 1073 265 1037 1111 0 0 0 0 0 0 882 0 0 0 0 1284 0 0 438 289 0 103 1030 864 0 0 861 12 0 0 1238 0 0 485 0 143 0 487 425 551 0 1215 0 192
76 0 0 0 0 1089 633 0 840 398 0 0 0 1019 0 0 0 1033 1222 0 1010 646 0 538 0 631 395 950 825 1066 901 155 0 1234 441 472 350 776 0 56 515 0 1048 0 47 0 0 467
0 0 0 490 0 0 162 1180 722 0 311 0 0 0 0 0 0 0 1159 1194 1226 599 131 680 1000 414 0 683 195 1223 1285 0 0 1129 358 826 171 0 0 290 0 336 703 0 0 0 368 531
688 0 634 0 153 806 0 570 0 844 1164 416 308 1247 0 0 0 0 1076 0 0 0 112 0 1152 1195 932 915 0 245 190 0 1179 361 651 0 811 985 445 0 0 0 869 0 647 0 0 1171
0 0 0 608 303 0 357 0 458 203 0 740 1156 0 373 602 0 142 0 294 0 0 0 75 0 0 0 423 0 0 1151 0 42 969 338 0 0 55 0 104 0 1093 1144 216 0 667 233 54
0 1023 777 842 0 1235 256 0 0 1221 0 269 0 0 0 0 713 0 597 478 0 1192 0 0 894 724 0 396 1087 735 0 453 0 999 280 0 0 371 753 0 0 1254 273 0 0 1154 0 1125
1025 0 0 0 0 0 0 1207 0 684 0 1262 708 61 0 363 0 0 527 0 1230 0 226 983 0 1186 698 117 38 291 0 0 460 621 218 814 0 843 0 0 0 1237 251 870 895 65 344 372
0 39 1056 260 0 135 99 0 1040 0 204 773 0 563 0 782 1014 141 263 0 59 942 36 79 1138 900 288 0 955 427 0 0 767 808 745 0 0 720 0 0 0 518 726 0 74 0 304 0
772 784 603 0 132 940 0 1250 0 349 0 0 0 0 223 0 1185 0 0 0 0 0 1003 801 0 0 0 170 1128 0 1175 77 123 0 1034 0 244 0 619 610 0 0 328 0 292 0 145 800
943 401 228 620 856 0 305 691 779 855 653 0 0 831 262 66 0 0 1018 354 833 0 1067 596 426 0 444 107 412 0 0 0 0 847 381 242 873 1006 0 0 0 0 1166 1058 456 1289 592 0
0 0 57 947 0 312 0 692 1225 0 0 1188 871 0 627 0 482 0 0 235 0 0 908 936 7 0 0 0 583 210 0 1292 0 0 0 1181 512 700 682 0 0 1193 23 0 494 0 1216 134
0 176 0 1002 0 52 411 1219 172 0 463 0 1263 0 0 0 0 0 0 11 0 0 0 0 0 1265 158 0 590 0 1197 1268 394 622 232 956 0 827 578 1086 0 261 0 1301 0 0 763 0
0 341 18 80 0 1220 0 517 0 406 643 471 933 0 0 899 323 609 0 1118 0 0 1240 0 248 0 0 0 0 0 0 219 297 0 0 0 718 0 0 400 848 0 524 4 906 771 402 0
450 501 994 754 0 1278 0 0 0 832 1075 0 824 0 0 751 839 979 807 0 562 329 481 822 489 0 797 1004 326 0 903 594 342 0 0 348 1060 0 1218 0 0 0 0 136 0 0 0 1174
193 1077 898 0 0 0 1232 1137 0 283 296 0 1017 0 0 0 560 0 1203 0 0 71 541 858 0 387 841 167 1092 0 474 473 989 0 1020 1295 927 502 436 0 0 299 1069 1039 829 0 0 353
