50 101
240 -1 64 140 207 241 47 46 -1 155 242 7 43 223 171 64 -1 -1 205 131 -1 9 52 110 233 -1 64 234 73 282 36 -1 225 -1 260 240 -1 9 -1 104 91 52 245 -1 8 -1 211 -1 168 -1
-1 91 141 27 -1 44 -1 -1 -1 -1 -1 -1 -1 220 178 71 132 5 153 -1 -1 -1 -1 -1 -1 14 -1 118 -1 124 -1 -1 78 59 134 223 30 119 -1 59 260 172 -1 38 107 91 -1 -1 21 73
18 -1 211 -1 -1 220 173 59 -1 261 205 44 237 88 14 -1 217 -1 -1 78 -1 -1 204 -1 -1 31 26 -1 -1 -1 -1 114 135 36 -1 279 119 -1 220 42 -1 -1 241 -1 108 245 -1 141 70 242
245 67 174 -1 111 -1 -1 220 -1 126 -1 14 113 53 146 229 122 248 -1 -1 -1 236 219 -1 7 42 -1 -1 144 236 -1 206 -1 67 -1 117 38 276 46 249 168 -1 -1 -1 228 14 272 200 23 -1
-1 -1 210 258 240 -1 -1 -1 38 14 -1 50 73 -1 253 170 89 -1 17 -1 110 240 255 -1 136 42 -1 -1 112 194 77 33 255 -1 228 -1 220 -1 -1 76 -1 102 5 219 112 -1 23 232 -1 91
62 -1 -1 142 94 -1 83 229 -1 -1 91 70 -1 208 156 255 -1 17 195 261 23 73 -1 -1 -1 -1 219 155 245 185 70 -1 88 -1 -1 151 -1 36 -1 -1 49 -1 216 205 -1 189 132 195 172 -1
194 175 -1 -1 23 -1 18 120 -1 -1 112 -1 -1 58 9 220 -1 91 -1 -1 160 -1 135 240 195 255 170 -1 254 178 -1 64 -1 243 -1 -1 261 -1 247 41 102 221 -1 101 240 66 220 -1 -1 269
89 -1 210 105 -1 26 -1 126 36 156 -1 261 -1 206 264 12 -1 5 220 276 235 79 -1 243 239 118 49 -1 -1 104 -1 -1 -1 -1 -1 -1 165 -1 59 -1 180 70 197 -1 -1 -1 -1 -1 -1 36
205 23 -1 -1 288 -1 -1 183 215 273 109 -1 273 112 -1 18 224 -1 -1 220 -1 -1 90 -1 8 220 -1 -1 253 -1 62 47 -1 138 -1 -1 55 71 -1 -1 -1 174 -1 -1 249 210 125 46 188 31
-1 -1 -1 -1 164 -1 91 199 208 0 144 -1 219 177 284 14 220 236 159 237 105 12 91 234 163 286 159 275 232 194 141 130 216 88 -1 -1 68 -1 220 58 261 270 225 -1 -1 209 42 -1 -1 46
56 287 79 211 -1 240 37 -1 -1 47 -1 -1 136 -1 278 -1 264 -1 233 44 -1 -1 107 123 -1 -1 -1 147 207 169 129 -1 196 -1 36 -1 -1 -1 36 163 290 -1 -1 208 -1 254 200 14 -1 75
-1 91 -1 199 -1 -1 -1 -1 195 17 97 141 101 220 47 200 12 -1 -1 -1 -1 230 179 -1 190 180 -1 -1 230 278 -1 -1 -1 -1 240 -1 -1 90 -1 -1 8 -1 220 41 224 240 91 107 -1 -1
49 -1 59 47 215 -1 -1 -1 -1 34 -1 141 234 -1 -1 278 64 -1 167 248 47 193 -1 54 -1 -1 91 115 -1 210 101 110 49 -1 240 -1 26 -1 55 160 -1 73 -1 29 -1 -1 231 273 -1 213
104 132 -1 162 -1 24 201 -1 2 42 124 136 240 -1 -1 -1 -1 156 229 -1 148 144 178 -1 -1 28 41 40 -1 -1 210 -1 -1 282 -1 264 -1 -1 -1 -1 23 171 236 233 -1 263 206 78 -1 -1
-1 -1 -1 -1 -1 -1 153 -1 -1 117 237 -1 37 240 47 153 -1 217 128 104 194 177 -1 -1 71 -1 94 101 70 -1 91 49 75 170 -1 261 195 75 -1 278 44 -1 -1 -1 -1 85 229 -1 -1 -1
109 -1 -1 -1 210 273 73 215 234 -1 -1 222 195 198 109 -1 132 207 -1 207 151 80 229 -1 240 -1 67 265 277 -1 -1 202 249 146 205 104 215 -1 -1 215 -1 -1 152 -1 155 195 -1 -1 261 5
205 -1 -1 172 198 243 -1 83 31 -1 -1 -1 59 -1 -1 -1 -1 131 58 -1 223 46 -1 217 53 -1 -1 -1 -1 -1 31 1 237 -1 155 9 -1 -1 240 -1 -1 -1 206 172 -1 -1 -1 261 -1 -1
-1 36 -1 47 8 237 -1 -1 156 -1 52 41 19 193 207 -1 120 39 75 141 200 140 37 219 194 46 74 -1 78 -1 216 11 258 99 -1 -1 257 -1 213 -1 -1 241 -1 114 195 -1 64 -1 -1 265
228 245 -1 76 132 -1 257 278 -1 -1 255 -1 -1 -1 -1 -1 91 -1 233 224 118 199 -1 -1 -1 74 -1 -1 47 -1 237 216 104 -1 -1 -1 -1 -1 223 -1 -1 5 53 164 -1 195 5 -1 -1 -1
243 236 275 75 -1 -1 -1 230 283 9 -1 184 232 61 -1 -1 -1 9 239 -1 233 188 177 -1 255 -1 -1 240 161 55 -1 -1 216 -1 -1 -1 109 -1 240 88 6 -1 36 91 75 244 -1 -1 40 -1
-1 270 -1 47 76 199 30 281 -1 -1 136 -1 -1 111 211 151 193 160 47 -1 220 13 219 225 141 159 211 146 -1 -1 -1 -1 -1 177 -1 139 -1 269 217 -1 -1 52 67 283 -1 -1 220 -1 -1 165
58 2 216 112 -1 144 195 278 -1 26 173 261 159 229 143 73 -1 -1 193 53 99 -1 44 -1 162 36 -1 256 -1 48 208 94 -1 -1 -1 70 145 -1 36 156 -1 253 239 -1 202 234 144 -1 244 181
35 210 -1 93 14 -1 284 246 107 -1 53 210 -1 91 -1 54 -1 -1 -1 229 -1 97 -1 284 106 218 36 -1 -1 -1 191 154 53 -1 -1 -1 -1 23 104 -1 105 216 230 31 -1 116 -1 186 176 -1
289 278 253 -1 -1 -1 -1 168 166 -1 237 -1 -1 -1 151 68 -1 149 198 265 -1 -1 8 193 -1 -1 37 242 193 -1 72 151 103 221 -1 -1 155 177 -1 182 241 5 293 150 260 178 57 -1 -1 232
50 205 -1 79 107 236 122 -1 -1 62 67 -1 216 2 -1 -1 113 213 220 274 181 -1 -1 8 200 91 -1 -1 -1 -1 -1 257 280 -1 -1 -1 18 217 5 64 137 -1 24 105 -1 52 217 -1 -1 -1
44 -1 -1 231 133 -1 91 -1 -1 64 -1 -1 170 -1 -1 90 -1 76 -1 -1 269 200 255 -1 -1 155 -1 -1 237 -1 90 156 -1 219 155 -1 -1 107 -1 -1 -1 91 90 240 260 79 -1 -1 -1 -1
-1 245 -1 -1 236 22 64 147 232 156 109 224 -1 14 270 -1 -1 -1 146 79 79 237 51 -1 -1 -1 -1 -1 151 -1 180 222 -1 -1 5 125 -1 31 221 231 -1 282 130 -1 279 -1 -1 162 226 -1
-1 161 -1 220 157 30 263 -1 155 159 124 261 237 -1 172 273 224 183 91 -1 91 47 55 -1 45 75 270 -1 -1 -1 31 211 253 233 -1 -1 -1 91 -1 9 -1 131 64 285 -1 -1 220 10 70 -1
-1 -1 127 140 2 -1 95 -1 -1 198 220 86 -1 241 246 245 -1 -1 201 289 5 -1 180 -1 240 91 226 70 202 220 140 -1 186 279 -1 -1 -1 210 -1 -1 -1 70 -1 -1 -1 243 101 -1 193 -1
104 31 199 54 -1 162 151 243 172 197 -1 -1 -1 51 195 -1 -1 104 240 46 231 75 289 198 144 -1 220 -1 251 -1 -1 241 209 207 158 -1 -1 -1 -1 204 224 67 64 240 -1 8 -1 -1 212 47
286 96 -1 -1 152 -1 181 132 148 -1 208 -1 -1 267 72 254 20 84 -1 46 -1 226 -1 -1 -1 216 141 -1 214 117 236 290 -1 29 -1 78 264 -1 233 -1 79 -1 90 262 232 72 64 136 79 186
95 91 220 267 177 128 -1 88 -1 44 -1 -1 121 164 -1 144 217 273 291 90 -1 206 -1 -1 -1 152 -1 -1 217 198 -1 40 233 -1 156 17 48 -1 44 210 -1 179 232 -1 198 -1 107 200 104 -1
251 108 113 42 143 197 128 -1 273 68 83 -1 36 77 -1 228 91 136 -1 30 143 124 -1 207 220 289 -1 215 123 168 232 174 -1 -1 148 35 280 -1 26 223 -1 188 28 -1 227 -1 -1 144 191 273
-1 215 224 280 -1 42 282 108 144 58 24 -1 285 111 240 116 60 170 43 293 279 215 28 -1 86 23 180 231 236 112 -1 101 206 59 180 12 91 -1 232 -1 180 198 26 284 178 26 -1 75 217 160
90 -1 31 -1 -1 9 -1 -1 -1 -1 91 -1 -1 221 -1 289 -1 64 -1 261 49 -1 -1 -1 -1 191 -1 47 136 72 8 285 164 -1 -1 -1 -1 285 -1 64 180 -1 91 -1 -1 110 -1 215 -1 -1
156 -1 -1 -1 -1 292 78 -1 237 104 207 94 124 47 216 255 -1 -1 194 -1 -1 -1 177 74 -1 -1 -1 -1 -1 214 -1 25 193 -1 220 98 25 -1 -1 46 253 100 4 241 31 229 147 152 146 210
-1 -1 264 64 281 -1 217 124 -1 157 183 5 135 -1 -1 -1 -1 -1 57 216 45 36 59 -1 280 134 11 91 120 281 -1 -1 158 -1 71 -1 203 108 176 -1 -1 -1 112 272 5 -1 162 -1 -1 -1
172 -1 193 -1 49 -1 -1 134 208 251 175 288 -1 113 5 -1 -1 -1 155 265 -1 254 11 162 -1 282 45 1 225 39 -1 69 -1 -1 141 140 105 177 -1 -1 -1 -1 217 -1 55 46 137 283 47 256
134 226 233 242 26 -1 178 257 54 155 -1 -1 232 -1 141 -1 -1 55 30 246 261 110 -1 223 -1 -1 179 279 268 -1 174 232 -1 243 -1 156 -1 -1 209 -1 220 240 37 240 64 -1 -1 181 -1 233
89 132 31 267 280 -1 -1 -1 192 208 259 241 -1 217 178 207 -1 143 28 -1 -1 222 242 -1 -1 -1 -1 279 -1 -1 26 -1 123 18 1 -1 -1 193 102 220 -1 38 -1 -1 7 105 41 -1 112 9
287 112 -1 -1 233 183 -1 242 -1 237 -1 214 151 -1 270 -1 -1 104 -1 230 207 66 267 26 -1 93 4 -1 228 79 -1 180 102 -1 -1 -1 14 124 -1 255 107 -1 -1 -1 172 245 -1 224 -1 105
-1 236 229 112 8 -1 90 -1 -1 249 -1 -1 164 207 220 105 -1 22 104 -1 -1 -1 -1 -1 -1 113 -1 -1 105 -1 193 -1 -1 -1 169 0 -1 196 224 111 220 -1 -1 -1 -1 239 -1 -1 233 -1
-1 41 243 -1 83 238 -1 -1 -1 -1 -1 225 25 -1 -1 198 104 204 -1 117 -1 -1 186 223 144 102 52 216 210 104 81 24 234 -1 16 30 -1 -1 226 136 11 -1 261 143 94 -1 -1 220 275 -1
13 1 229 -1 59 79 -1 -1 2 -1 -1 -1 178 94 -1 138 -1 -1 157 -1 226 240 79 -1 -1 117 -1 24 -1 -1 148 189 146 239 232 -1 210 249 -1 226 -1 162 -1 273 -1 -1 192 210 101 20
244 41 140 -1 -1 136 -1 162 -1 191 72 241 -1 -1 5 196 -1 -1 270 85 53 58 236 234 210 16 198 -1 -1 64 -1 -1 260 -1 170 269 -1 155 -1 156 -1 134 150 -1 262 44 174 -1 239 113
216 219 -1 46 -1 269 253 -1 225 251 -1 -1 47 146 -1 -1 135 -1 -1 -1 44 -1 -1 182 210 14 119 -1 -1 105 -1 -1 170 -1 -1 95 163 -1 -1 -1 -1 48 250 47 64 240 23 57 212 39
-1 220 52 -1 -1 209 36 -1 -1 -1 19 -1 177 -1 59 195 38 240 -1 -1 -1 232 109 -1 265 208 266 64 91 240 -1 -1 66 273 -1 264 -1 216 -1 71 -1 92 4 -1 -1 192 220 -1 79 170
-1 210 163 -1 -1 17 -1 240 58 267 -1 -1 250 -1 214 -1 -1 -1 187 21 216 -1 152 -1 110 3 273 26 -1 198 -1 264 -1 -1 -1 63 218 -1 232 55 -1 -1 252 -1 36 220 -1 194 197 -1
270 2 256 -1 229 249 43 -1 221 240 35 -1 40 151 204 -1 274 130 -1 237 -1 109 195 -1 -1 -1 265 52 217 155 -1 4 -1 147 15 145 -1 32 91 98 -1 -1 271 -1 90 73 -1 278 150 -1
279 -1 149 8 -1 240 73 2 208 210 278 -1 -1 113 274 65 34 82 8 185 146 220 264 195 -1 -1 -1 200 42 245 -1 17 200 2 181 199 207 111 -1 -1 -1 -1 87 104 -1 -1 64 144 -1 2
14 -1 253 264 24 216 195 146 -1 200 30 14 74 280 289 242 -1 -1 283 280 -1 220 13 42 245 -1 278 140 171 170 65 -1 36 -1 284 71 -1 240 -1 46 233 198 104 -1 257 -1 159 -1 241 -1
-1 67 129 73 -1 260 -1 -1 -1 -1 -1 -1 -1 210 233 55 288 104 210 -1 -1 -1 -1 -1 -1 223 -1 244 -1 11 -1 -1 194 242 220 281 240 44 -1 200 216 157 -1 101 134 58 -1 -1 221 205
240 -1 210 -1 -1 236 273 216 -1 88 26 90 124 230 216 -1 239 -1 -1 5 -1 -1 14 -1 -1 205 193 -1 -1 -1 -1 0 31 14 -1 107 264 -1 239 89 -1 -1 132 -1 134 113 -1 146 26 131
55 112 183 -1 64 -1 -1 36 -1 229 -1 107 8 218 5 267 163 240 -1 -1 -1 261 90 -1 157 186 -1 -1 141 79 -1 230 -1 140 -1 253 220 99 184 240 113 -1 -1 -1 240 141 278 2 53 -1
-1 -1 220 151 52 -1 -1 -1 131 105 -1 217 76 -1 252 5 197 -1 125 -1 103 151 47 -1 166 219 -1 -1 220 24 289 220 62 -1 192 -1 237 -1 -1 255 -1 198 245 270 174 -1 151 70 -1 12
170 -1 -1 8 186 -1 75 27 -1 -1 107 64 -1 43 10 210 -1 255 289 206 126 220 -1 -1 -1 -1 211 237 205 73 47 -1 216 -1 -1 42 -1 261 -1 -1 148 -1 224 119 -1 78 229 46 243 -1
134 155 -1 -1 11 -1 147 220 -1 -1 209 -1 -1 240 213 57 -1 282 -1 -1 16 -1 143 97 253 37 237 -1 178 104 -1 156 -1 91 -1 -1 195 -1 26 229 31 5 -1 217 208 215 134 -1 -1 14
234 -1 228 46 -1 195 -1 293 260 31 -1 91 -1 125 198 59 -1 102 270 97 272 210 -1 240 4 73 90 -1 -1 107 -1 -1 -1 -1 -1 -1 257 -1 237 -1 209 116 90 -1 -1 -1 -1 -1 -1 151
220 204 -1 -1 254 -1 -1 153 260 49 241 -1 261 195 -1 136 207 -1 -1 58 -1 -1 91 -1 152 290 -1 -1 23 -1 278 284 -1 112 -1 -1 282 177 -1 -1 -1 194 -1 -1 273 133 232 206 257 60
-1 -1 -1 -1 102 -1 117 254 233 220 162 -1 44 216 144 26 49 73 268 233 45 104 219 132 55 285 245 229 181 64 149 75 206 64 -1 -1 236 -1 209 261 146 217 36 -1 -1 11 156 -1 -1 180
74 180 283 17 -1 145 241 -1 -1 225 -1 -1 270 -1 66 -1 232 -1 71 262 -1 -1 217 151 -1 -1 -1 36 72 223 199 -1 143 -1 164 -1 -1 -1 18 36 44 -1 -1 58 -1 241 163 64 -1 156
-1 144 -1 215 -1 -1 -1 -1 64 267 123 214 8 261 112 75 109 -1 -1 -1 -1 177 143 -1 172 8 -1 -1 86 167 -1 -1 -1 -1 258 -1 -1 273 -1 -1 183 -1 110 26 263 206 101 224 -1 -1
47 -1 91 79 59 -1 -1 -1 -1 162 -1 73 2 -1 -1 207 120 -1 229 91 273 245 -1 177 -1 -1 281 45 -1 231 208 14 117 -1 83 -1 141 -1 73 232 -1 64 -1 9 -1 -1 68 144 -1 38
240 7 -1 229 -1 95 37 -1 107 41 49 200 141 -1 -1 -1 -1 156 220 -1 104 284 287 -1 -1 7 194 232 -1 -1 215 -1 -1 178 -1 140 -1 -1 -1 -1 44 195 31 14 -1 142 214 155 -1 -1
-1 -1 -1 -1 -1 -1 85 -1 -1 110 264 -1 225 144 70 9 -1 124 216 237 29 144 -1 -1 91 -1 211 241 231 -1 170 255 91 164 -1 36 139 43 -1 197 269 -1 -1 -1 -1 144 177 -1 -1 -1
237 -1 -1 -1 185 71 23 111 28 -1 -1 78 31 161 44 -1 31 141 -1 200 41 210 233 -1 194 -1 225 1 49 -1 -1 223 48 240 254 94 234 -1 -1 48 -1 -1 216 -1 41 22 -1 -1 91 229
104 -1 -1 147 180 247 -1 163 55 -1 -1 -1 117 -1 -1 -1 -1 200 148 -1 208 154 -1 160 274 -1 -1 -1 -1 -1 192 197 9 -1 91 260 -1 -1 163 -1 -1 -1 245 93 -1 -1 -1 198 -1 -1
-1 105 -1 278 226 5 -1 -1 78 -1 118 107 195 193 70 -1 194 179 273 207 46 8 130 206 240 210 248 -1 128 -1 210 255 46 240 -1 -1 193 -1 141 -1 -1 186 -1 94 279 -1 173 -1 -1 17
240 180 -1 220 21 -1 220 110 -1 -1 255 -1 -1 -1 -1 -1 36 -1 243 52 250 32 -1 -1 -1 63 -1 -1 279 -1 280 242 7 -1 -1 -1 -1 -1 236 -1 -1 128 106 240 -1 84 20 -1 -1 -1
191 135 36 47 -1 -1 -1 286 282 36 -1 8 183 64 -1 -1 -1 112 112 -1 8 77 70 -1 26 -1 -1 14 185 104 -1 -1 144 -1 -1 -1 71 -1 59 113 248 -1 66 121 264 89 -1 -1 111 -1
-1 162 -1 140 47 102 94 47 -1 -1 162 -1 -1 28 181 110 92 88 119 -1 282 136 256 270 54 64 273 118 -1 -1 -1 -1 -1 152 -1 170 -1 232 26 -1 -1 214 162 140 -1 -1 172 -1 -1 52
267 215 75 44 -1 52 222 83 -1 59 172 243 219 249 35 232 -1 -1 42 220 143 -1 240 -1 87 41 -1 264 -1 237 135 193 -1 -1 -1 222 211 -1 40 269 -1 3 91 -1 217 228 264 -1 124 169
144 280 -1 58 228 -1 221 70 176 -1 91 220 -1 241 -1 190 -1 -1 -1 175 -1 226 -1 226 225 30 23 -1 -1 -1 206 101 30 -1 -1 -1 -1 224 5 -1 41 220 287 220 -1 126 -1 216 211 -1
198 11 219 -1 -1 -1 -1 222 215 -1 261 -1 -1 -1 243 124 -1 236 123 58 -1 -1 260 234 -1 -1 210 278 265 -1 104 220 131 64 -1 -1 122 177 -1 194 5 59 232 234 90 9 76 -1 -1 91
104 64 -1 253 35 278 225 -1 -1 196 265 -1 159 23 -1 -1 64 215 219 272 156 -1 -1 90 161 267 -1 -1 -1 -1 -1 201 83 -1 -1 -1 162 250 91 105 151 -1 216 102 -1 181 224 -1 -1 -1
91 -1 -1 156 28 -1 127 -1 -1 210 -1 -1 148 -1 -1 132 -1 223 -1 -1 159 223 195 -1 -1 111 -1 -1 9 -1 266 220 -1 47 64 -1 -1 59 -1 -1 -1 40 156 210 12 216 -1 -1 -1 -1
-1 200 -1 -1 79 40 216 31 47 136 236 53 -1 178 193 -1 -1 -1 242 210 33 44 152 -1 -1 -1 -1 -1 2 -1 56 70 -1 -1 75 224 -1 240 233 150 -1 101 69 -1 73 -1 -1 241 47 -1
-1 189 -1 4 216 53 2 -1 233 90 105 158 279 -1 30 179 8 237 153 -1 51 178 261 -1 228 42 196 -1 -1 -1 78 37 67 232 -1 -1 -1 91 -1 220 -1 40 177 55 -1 -1 88 47 281 -1
-1 -1 28 202 48 -1 112 -1 -1 79 43 55 -1 253 147 164 -1 -1 220 130 46 -1 199 -1 180 204 1 214 24 94 261 -1 240 151 -1 -1 -1 180 -1 -1 -1 100 -1 -1 -1 9 264 -1 282 -1
193 39 242 37 -1 91 105 2 64 211 -1 -1 -1 59 199 -1 -1 47 276 57 140 108 91 269 49 -1 136 -1 288 -1 -1 196 91 246 240 -1 -1 -1 -1 9 35 207 292 1 -1 73 -1 -1 62 18
135 179 -1 -1 68 -1 72 91 71 -1 29 -1 -1 261 240 193 2 20 -1 226 -1 210 -1 -1 -1 244 113 -1 59 79 289 191 -1 210 -1 91 12 -1 31 -1 117 -1 279 18 219 9 253 237 232 230
152 76 67 193 5 224 -1 187 -1 79 -1 -1 177 199 -1 207 155 165 269 225 -1 177 -1 -1 -1 215 -1 -1 155 146 -1 200 46 -1 240 151 285 -1 91 12 -1 171 132 -1 136 -1 155 182 233 -1
101 18 90 181 110 79 265 -1 15 122 192 -1 215 229 -1 249 79 223 -1 265 198 221 -1 229 70 94 -1 109 59 141 237 208 -1 -1 243 130 85 -1 47 91 -1 53 5 -1 120 -1 -1 42 94 200
-1 8 59 75 -1 72 251 2 191 147 275 -1 17 262 271 0 284 263 208 91 38 52 193 -1 30 204 5 5 210 67 -1 91 168 155 243 202 270 -1 159 -1 26 246 8 279 232 231 -1 77 38 136
223 -1 233 -1 -1 170 -1 -1 -1 -1 249 -1 -1 17 -1 219 -1 164 -1 31 273 -1 -1 -1 -1 199 -1 1 104 273 275 162 243 -1 -1 -1 -1 240 -1 170 160 -1 230 -1 -1 255 -1 237 -1 -1
50 -1 -1 -1 -1 141 255 -1 174 207 207 99 274 24 194 150 -1 -1 198 -1 -1 -1 144 79 -1 -1 -1 -1 -1 188 -1 44 31 -1 255 186 24 -1 -1 70 217 2 137 25 215 243 42 220 226 261
-1 -1 49 112 273 -1 98 78 -1 89 23 208 155 -1 -1 -1 -1 -1 195 180 144 88 246 -1 198 105 217 231 88 221 -1 -1 98 -1 256 -1 111 39 251 -1 -1 -1 108 19 275 -1 195 -1 -1 -1
113 -1 41 -1 67 -1 -1 191 249 61 34 36 -1 207 270 -1 -1 -1 112 244 -1 285 195 240 -1 240 218 289 114 165 -1 81 -1 -1 270 168 240 257 -1 -1 -1 -1 188 -1 104 37 204 64 240 105
134 38 237 5 46 -1 156 67 5 120 -1 -1 180 -1 278 -1 -1 152 6 135 73 251 -1 217 -1 -1 279 108 79 -1 211 217 -1 13 -1 137 -1 -1 279 -1 236 72 136 116 95 -1 -1 95 -1 146
96 136 220 209 286 -1 -1 -1 207 112 112 188 -1 141 36 290 -1 57 145 -1 -1 64 26 -1 -1 -1 -1 241 -1 -1 265 -1 148 36 58 -1 -1 143 230 34 -1 53 -1 -1 31 75 138 -1 168 64
198 83 -1 -1 47 172 -1 256 -1 216 -1 265 66 -1 172 -1 -1 269 -1 109 232 16 79 181 -1 239 124 -1 220 68 -1 54 104 -1 -1 -1 146 207 -1 220 220 -1 -1 -1 239 50 -1 293 -1 233
-1 104 236 241 208 -1 93 -1 -1 239 -1 -1 91 224 278 36 -1 162 51 -1 -1 -1 -1 -1 -1 4 -1 -1 14 -1 9 -1 -1 -1 174 118 -1 42 75 245 168 -1 -1 -1 -1 44 -1 -1 153 -1
-1 160 18 -1 267 44 -1 -1 -1 -1 -1 46 115 -1 -1 119 91 245 -1 236 -1 -1 91 157 146 101 236 240 205 109 76 193 132 -1 86 213 -1 -1 90 53 70 -1 160 17 23 -1 -1 102 229 -1
195 156 14 -1 242 280 -1 -1 149 -1 -1 -1 203 46 -1 201 -1 -1 25 -1 5 251 232 -1 -1 232 -1 26 -1 -1 75 132 47 105 155 -1 212 231 -1 156 -1 240 -1 175 -1 -1 109 264 41 8
158 238 226 -1 -1 255 -1 258 -1 228 208 128 -1 -1 261 240 -1 -1 49 213 202 220 38 136 23 234 195 -1 -1 53 -1 -1 173 -1 19 205 -1 4 -1 217 -1 78 104 -1 113 64 233 -1 36 155
144 233 -1 104 -1 220 174 -1 283 151 -1 -1 198 221 -1 -1 207 -1 -1 -1 183 -1 -1 261 58 105 237 -1 -1 155 -1 -1 124 -1 -1 217 138 -1 -1 -1 -1 285 109 113 45 220 273 245 274 261
-1 111 47 -1 -1 277 235 -1 -1 -1 74 -1 72 -1 91 176 210 2 -1 -1 -1 164 64 -1 39 273 117 101 177 46 -1 -1 234 30 -1 178 -1 178 -1 232 -1 21 42 -1 -1 107 210 -1 239 91
-1 109 249 -1 -1 205 -1 105 82 224 -1 -1 259 -1 169 -1 -1 -1 199 207 23 -1 64 -1 200 80 22 146 -1 104 -1 217 -1 -1 -1 62 245 -1 156 234 -1 -1 170 -1 123 107 -1 172 172 -1
189 52 216 -1 178 52 219 -1 229 26 14 -1 178 90 124 -1 249 220 -1 195 -1 155 220 -1 -1 -1 52 197 159 172 -1 55 -1 108 47 110 -1 17 170 193 -1 -1 254 -1 212 180 -1 114 224 -1
182 -1 210 208 -1 47 79 227 236 240 91 -1 -1 276 36 36 155 253 174 47 54 141 132 278 -1 -1 -1 240 220 220 -1 220 217 54 195 236 150 25 -1 -1 -1 -1 226 23 -1 -1 291 205 -1 198
