50 89
480 395 285 286 2 90 226 111 87 388 109 454 0 404 203 175 -1 448 150 30 408 437 267 0 415 442 55 441 220 191 440 201 173 90 39 0 191 404 221 112 242 218 246 161 345 294 284 286 58 275
400 86 187 0 130 441 263 330 183 476 339 214 440 65 187 51 387 258 160 7 187 285 451 467 283 408 451 9 498 481 417 13 110 41 444 440 281 103 58 13 0 169 444 -1 303 168 487 481 413 285
485 282 16 155 187 13 11 271 -1 312 348 481 189 502 444 67 328 221 395 306 90 13 217 277 345 393 149 209 226 117 272 111 425 126 204 -1 200 2 31 120 481 427 321 76 238 266 502 158 0 346
39 200 187 442 -1 202 477 65 299 132 391 6 228 236 446 12 430 345 273 218 184 112 180 7 451 228 140 90 440 111 208 272 24 381 207 245 425 327 74 326 106 250 486 218 366 475 420 116 300 415
206 385 476 178 359 434 133 278 328 236 73 0 441 67 389 345 161 -1 89 285 238 384 69 165 285 0 444 441 204 444 149 319 112 191 0 179 0 198 448 159 265 81 32 313 -1 0 14 187 161 226
0 385 78 258 395 234 349 445 0 241 47 368 208 204 0 290 251 88 35 209 206 335 327 199 362 126 131 283 385 316 357 45 487 435 228 91 -1 13 388 490 321 37 177 186 59 130 0 496 385 169
56 194 344 265 0 389 145 224 491 376 140 0 333 384 191 204 52 36 478 77 41 64 179 351 -1 482 163 398 151 59 451 483 191 -1 163 90 22 138 174 415 30 91 344 380 126 499 120 -1 96 272
222 11 422 388 435 415 493 461 260 348 71 176 488 146 350 38 179 170 25 451 26 3 408 409 196 147 367 258 440 107 60 441 481 211 415 140 399 438 310 40 176 274 348 68 239 155 149 335 300 190
41 344 40 226 76 -1 299 241 185 0 104 468 480 140 59 211 389 119 269 239 464 68 353 -1 276 136 447 1 351 500 120 102 282 193 147 506 173 312 491 344 495 233 430 59 394 157 160 217 339 348
335 269 265 110 191 493 344 67 140 492 306 444 321 345 442 258 204 383 85 235 170 480 286 245 363 462 94 47 84 248 273 -1 400 114 380 469 387 386 216 475 218 163 280 425 187 436 28 11 171 269
80 282 368 236 144 152 451 432 307 334 330 90 102 394 40 334 207 91 495 72 -1 505 35 -1 16 109 10 183 490 117 -1 0 201 357 58 99 99 132 472 475 492 155 161 86 472 35 417 209 128 348
328 481 370 363 190 427 149 386 258 5 191 265 236 0 218 0 344 248 112 457 0 140 464 388 98 276 288 335 452 417 166 300 488 368 -1 96 472 23 103 354 368 497 90 335 118 133 476 90 487 415
125 56 265 461 32 375 439 467 129 398 207 27 408 277 0 381 89 357 76 91 334 22 355 211 380 397 68 447 385 181 385 440 244 218 101 457 288 126 79 175 504 380 376 472 358 253 383 461 92 480
69 483 0 343 404 441 258 199 440 395 317 50 454 495 -1 153 78 445 52 16 146 263 320 388 160 149 172 283 296 242 15 262 0 261 236 426 477 90 417 420 202 82 190 314 206 210 13 480 487 186
12 221 446 208 309 -1 339 439 444 -1 398 91 191 439 285 16 286 275 349 -1 154 130 29 232 206 -1 113 398 58 245 109 385 176 417 424 228 2 410 2 67 275 481 35 480 481 415 78 57 457 154
425 400 166 258 367 40 0 363 272 204 415 -1 313 485 260 124 246 -1 258 191 400 306 126 117 37 247 328 342 368 51 481 437 114 -1 -1 440 317 204 260 481 256 264 345 441 160 62 360 147 109 241
265 101 442 37 466 304 213 266 358 99 481 457 481 50 31 285 473 51 394 54 225 265 359 111 380 263 186 0 220 22 457 468 353 277 13 94 368 465 306 321 185 25 370 101 288 450 51 400 41 5
-1 332 -1 355 135 252 447 136 282 236 101 485 206 267 78 40 252 0 415 252 440 105 439 308 245 82 49 348 51 -1 354 469 296 173 314 444 163 389 0 106 373 0 232 330 398 62 80 369 448 355
265 277 368 334 11 453 203 385 451 260 190 16 -1 230 35 326 68 206 209 69 66 -1 85 108 295 448 505 -1 465 142 16 313 149 130 467 4 147 0 22 385 391 433 217 140 456 296 385 14 488 356
459 247 213 488 446 220 235 441 3 380 91 383 404 233 364 286 59 -1 395 112 312 457 364 442 402 120 398 235 407 447 385 437 12 294 458 259 206 80 326 484 144 449 426 269 100 32 258 228 395 130
37 361 98 372 404 157 355 7 226 111 0 329 202 75 39 313 -1 334 39 250 355 337 0 70 395 277 448 80 359 262 305 504 423 85 91 205 346 330 394 451 -1 -1 234 378 410 264 373 175 277 443
210 0 397 93 470 140 495 -1 127 362 26 0 330 95 281 0 480 286 470 48 121 488 380 0 14 394 0 0 415 228 381 91 214 20 171 173 111 -1 302 299 405 0 385 130 77 31 368 33 -1 296
67 435 198 272 417 327 321 16 38 85 232 112 31 495 444 136 367 400 16 0 485 99 90 19 207 488 488 219 480 1 306 365 265 438 191 52 111 198 388 22 235 426 191 33 34 -1 269 9 273 444
13 394 463 90 445 397 45 112 307 481 161 0 130 149 156 -1 37 85 -1 71 147 45 0 468 468 9 492 50 451 216 313 488 289 201 449 132 439 19 164 487 81 127 51 429 198 249 130 364 149 236
152 16 313 471 285 41 273 400 465 21 144 191 274 0 279 226 313 276 483 392 127 169 296 61 368 140 482 389 81 144 348 144 79 321 287 420 0 245 339 430 14 41 462 295 161 335 385 380 404 -1
265 400 395 411 47 296 0 285 129 294 151 380 480 79 -1 387 216 178 138 488 195 253 187 325 94 293 67 457 251 118 31 115 191 161 415 2 120 395 191 160 -1 187 346 270 224 444 182 265 488 481
344 185 182 -1 489 491 159 294 388 275 449 435 87 245 37 116 468 107 472 -1 74 44 191 -1 213 380 0 500 226 112 341 192 161 487 306 346 342 0 24 403 0 384 37 282 491 321 138 496 412 107
348 171 64 24 86 91 197 160 264 201 37 346 313 112 370 0 58 355 99 133 138 117 70 450 106 4 146 105 0 457 330 438 187 67 111 0 232 0 338 258 444 388 112 147 186 161 -1 415 366 260
11 485 353 487 296 204 457 368 462 296 22 385 0 191 385 219 227 -1 294 366 284 344 283 191 283 14 386 494 127 331 137 140 395 441 47 383 472 385 218 468 457 453 285 190 458 347 129 427 144 90
-1 143 206 182 348 119 47 425 58 47 476 293 370 0 400 119 476 -1 389 481 434 397 165 488 357 294 444 0 -1 438 31 47 409 411 495 352 210 269 235 165 140 81 464 33 321 0 -1 474 -1 322
23 21 0 473 455 452 360 481 111 273 296 317 335 424 448 84 232 200 465 144 63 258 448 473 80 242 269 76 0 318 455 357 395 218 385 216 339 32 422 0 111 217 234 382 99 368 327 465 186 336
236 258 159 201 160 380 97 202 448 333 97 51 180 216 350 495 502 0 471 465 409 59 -1 112 0 161 445 503 28 -1 501 402 191 112 137 416 16 395 421 340 117 257 442 502 299 90 67 311 404 233
1 0 353 238 463 43 435 204 373 455 385 346 277 87 378 292 169 91 88 236 318 376 104 273 440 298 -1 215 492 233 440 149 155 168 404 447 100 200 269 486 178 14 74 42 344 373 78 127 431 161
39 415 173 137 409 235 11 492 368 -1 277 475 448 80 191 450 459 502 114 451 321 64 0 258 155 47 41 144 139 130 140 149 187 331 70 440 119 477 71 426 385 410 147 121 0 218 349 71 309 301
226 502 0 187 314 441 14 0 270 98 0 187 265 457 335 336 430 90 379 224 78 406 334 67 95 -1 20 194 35 468 155 492 345 88 459 433 296 0 454 255 455 259 110 125 455 190 0 402 208 451
186 345 187 463 228 191 51 51 276 208 358 -1 135 136 60 314 487 325 376 350 3 69 359 457 236 282 328 490 477 233 254 336 -1 168 211 326 30 441 191 362 464 -1 102 105 168 0 228 242 464 187
120 178 277 263 332 483 8 189 258 414 161 112 444 376 37 228 -1 366 294 409 67 70 380 285 204 228 345 148 0 259 383 204 31 -1 71 218 495 221 97 182 220 -1 160 175 385 385 362 112 0 357
149 487 342 130 0 209 244 111 109 0 47 106 490 37 134 485 40 228 502 425 -1 481 451 205 26 191 116 229 401 272 335 54 302 -1 171 60 16 -1 386 457 0 -1 483 95 140 386 357 154 150 18
228 310 487 313 457 351 161 261 157 165 130 -1 -1 0 235 -1 116 138 16 321 299 265 58 286 -1 0 313 163 333 492 492 187 129 368 419 388 428 293 235 122 412 162 269 105 434 285 70 41 286 206
346 396 440 51 187 140 418 76 22 219 -1 480 352 223 444 308 303 349 416 228 495 487 334 -1 256 -1 400 481 107 0 470 179 476 492 426 173 241 336 130 252 294 149 270 457 475 306 299 0 -1 441
288 340 80 91 173 374 0 206 140 345 270 165 126 98 191 368 0 204 370 484 407 276 291 12 169 65 415 35 377 234 444 42 143 16 490 395 95 67 345 395 492 -1 487 123 85 476 91 395 -1 306
-1 455 71 362 111 480 85 0 386 35 55 339 90 327 449 374 272 458 349 313 468 100 336 231 -1 179 207 373 468 188 85 148 78 345 0 136 161 210 169 85 506 460 -1 22 -1 -1 38 395 155 0
228 114 476 39 -1 191 80 423 394 83 499 112 48 445 471 17 73 417 394 487 263 368 212 440 206 438 199 52 -1 0 91 167 37 279 283 33 298 228 209 315 0 -1 191 332 32 60 344 265 258 502
220 306 0 241 39 310 385 352 0 399 279 85 8 232 87 46 75 -1 169 376 370 415 384 138 -1 90 111 444 26 187 417 488 147 145 33 189 0 286 23 468 111 403 395 496 461 69 417 0 128 140
403 418 474 333 272 417 174 66 85 179 63 107 177 313 71 45 -1 64 75 107 388 198 224 173 0 0 35 503 131 498 356 41 22 -1 461 270 87 273 190 90 190 486 264 80 395 76 -1 187 147 417
83 485 440 348 241 236 480 240 191 144 67 324 496 161 385 243 492 0 290 126 149 303 493 168 265 400 11 366 277 377 95 467 135 344 385 18 116 327 487 120 55 0 99 241 198 394 76 503 399 441
106 366 31 47 220 223 315 277 -1 98 259 328 -1 435 140 476 4 209 145 203 339 410 228 130 56 203 388 427 228 395 383 252 147 147 0 206 265 232 454 58 388 404 485 501 385 296 468 217 475 272
96 217 400 -1 353 149 432 0 47 92 374 492 400 388 10 0 243 170 315 127 258 323 269 141 138 368 37 176 101 237 344 387 493 149 335 -1 458 62 438 145 136 452 138 496 397 448 228 476 60 141
415 291 417 22 90 0 388 368 385 144 479 213 208 486 226 380 -1 191 0 6 333 87 190 488 58 297 221 283 90 187 423 390 90 370 388 33 187 149 323 385 495 381 120 -1 479 53 85 59 487 134
161 496 174 180 206 179 273 78 444 398 149 379 430 112 468 110 481 206 481 206 26 127 99 47 393 157 41 485 75 366 228 191 66 272 397 321 445 323 371 277 226 67 226 438 264 465 59 269 268 362
468 463 368 299 100 74 2 228 13 367 258 26 85 158 400 368 -1 296 37 464 136 112 259 22 380 345 462 422 335 444 368 433 346 1 440 492 63 415 236 173 31 346 70 206 202 170 148 420 264 194
333 259 258 245 85 345 93 175 368 216 289 79 415 75 51 69 445 130 471 372 457 130 344 70 47 385 299 257 58 393 50 51 313 448 495 492 294 483 388 277 476 458 200 -1 33 357 71 238 127 171
40 491 426 26 155 0 116 327 -1 363 202 455 42 344 294 498 245 270 388 44 0 270 0 272 380 121 60 465 442 430 16 243 386 333 101 -1 187 136 333 439 218 191 415 388 129 476 400 206 315 190
383 191 395 306 -1 109 201 252 277 248 475 377 397 34 228 58 202 69 346 265 441 0 111 394 136 78 272 415 395 487 313 455 14 195 327 126 191 67 273 123 296 140 241 491 101 368 297 453 344 11
225 128 486 49 366 294 444 410 140 385 174 336 22 385 194 258 487 -1 149 219 381 130 273 306 357 191 403 26 200 205 99 321 480 438 440 475 449 368 421 368 367 90 157 323 -1 16 154 206 472 417
59 112 99 503 491 285 179 85 337 271 109 99 276 345 88 444 0 125 228 359 496 334 120 348 495 403 107 457 95 59 162 282 481 253 91 410 -1 67 285 389 387 445 0 269 133 0 330 144 480 362
263 388 390 187 204 269 470 99 478 417 83 0 136 258 91 283 442 355 47 65 445 269 22 468 -1 155 47 111 228 410 112 22 129 -1 274 353 81 395 22 260 209 144 404 440 441 448 179 -1 161 176
118 462 150 313 85 4 502 331 235 179 457 99 94 12 218 80 13 424 51 169 310 487 191 206 58 395 112 13 41 161 285 258 210 278 489 67 415 321 362 7 98 317 141 126 439 0 85 165 0 205
300 447 487 342 60 -1 176 265 400 416 473 0 265 419 0 223 204 465 69 448 206 184 89 -1 385 496 279 187 41 481 105 296 107 487 440 302 440 126 233 98 220 74 39 198 488 339 101 224 385 376
479 64 104 245 364 376 15 32 95 294 164 244 373 226 91 122 105 236 352 383 186 321 265 101 313 474 476 435 345 191 54 -1 179 217 137 146 386 342 146 0 385 132 127 94 422 265 191 442 198 313
484 168 0 22 492 403 198 116 11 149 37 33 231 245 179 27 357 134 176 385 -1 348 234 -1 388 209 404 219 135 360 -1 189 199 275 385 221 198 142 446 25 161 388 39 389 264 0 352 265 273 276
279 344 126 207 204 286 486 150 200 228 394 191 0 0 35 348 326 285 385 310 59 138 155 160 0 408 222 345 130 116 447 37 191 39 -1 277 347 161 328 502 32 37 321 35 445 452 291 31 19 144
362 488 172 4 50 226 178 409 186 458 91 481 0 0 373 56 174 438 480 206 495 441 399 211 495 8 281 312 149 445 70 173 85 188 58 346 92 413 156 355 0 282 457 400 294 501 149 306 41 444
124 394 488 111 487 90 259 127 110 472 499 235 415 76 -1 206 219 239 228 250 138 33 303 491 496 435 384 51 110 66 476 270 31 91 435 0 438 54 59 140 444 67 40 3 415 62 5 209 6 430
175 108 56 296 191 -1 423 468 55 -1 454 11 358 385 17 283 485 187 444 -1 0 404 399 398 0 -1 388 82 294 130 348 312 196 149 228 400 0 35 459 400 66 468 286 76 99 190 468 112 374 144
146 255 321 295 395 370 228 258 473 174 275 -1 260 232 256 494 300 -1 140 233 475 85 487 286 296 96 395 127 40 218 420 285 0 -1 -1 427 487 332 90 52 424 296 389 451 455 59 140 97 2 136
407 469 165 339 395 344 286 345 0 232 161 317 265 67 7 480 228 444 106 395 321 85 485 438 397 495 277 220 39 173 96 0 458 179 59 31 496 449 221 273 359 400 0 175 147 176 483 446 228 26
-1 169 -1 9 201 80 111 393 47 200 351 91 252 262 395 441 451 285 368 190 451 208 343 325 183 503 502 444 117 -1 385 190 492 130 385 0 299 300 148 190 191 397 314 187 23 91 326 452 228 282
133 191 448 349 0 160 427 479 185 308 487 490 -1 110 244 501 425 239 90 21 107 -1 180 379 285 173 116 -1 454 234 373 138 111 51 451 235 467 457 273 178 67 235 42 218 0 435 277 55 363 1
182 333 187 111 211 207 117 340 60 0 400 470 288 495 265 480 151 -1 330 464 0 306 279 358 415 345 206 277 253 0 0 440 502 434 133 193 447 388 228 151 288 14 187 335 481 381 170 385 171 191
376 336 333 130 139 147 277 457 448 140 485 236 32 398 228 138 -1 264 56 87 404 258 75 43 220 399 302 241 145 208 31 78 67 305 440 135 100 224 344 235 -1 -1 220 60 385 269 269 138 462 16
110 183 143 228 481 417 474 -1 455 385 81 111 190 450 0 47 314 204 94 440 247 237 464 449 368 461 408 481 73 277 440 322 353 111 23 79 0 -1 394 78 157 311 221 138 228 91 384 368 -1 400
0 169 218 388 277 105 415 326 412 213 443 160 37 76 272 345 499 456 303 487 204 68 477 365 320 236 107 147 366 228 0 488 51 111 388 397 114 216 502 283 68 269 1 161 258 -1 430 64 336 400
437 31 160 198 306 241 0 40 258 235 242 37 441 203 0 -1 144 284 -1 90 0 487 90 252 448 147 168 182 113 216 173 455 351 398 58 112 147 338 53 277 213 299 0 37 135 283 62 346 147 171
206 187 451 120 140 140 362 321 16 425 395 272 115 334 169 204 62 199 215 457 228 504 228 38 187 0 435 265 0 493 377 14 285 388 16 168 482 67 445 24 173 441 0 71 0 404 192 99 457 -1
234 103 394 157 210 78 242 90 319 451 30 350 126 483 -1 149 263 439 201 417 374 12 261 95 221 482 242 155 335 395 488 207 233 404 348 481 500 16 465 269 -1 385 461 385 87 339 380 503 191 349
447 495 90 -1 348 121 92 78 69 364 444 505 137 440 129 78 423 405 358 -1 232 112 186 -1 454 355 380 218 155 57 86 272 14 177 282 208 14 236 434 202 339 191 168 400 306 292 71 328 206 206
380 0 348 385 296 487 217 438 331 112 334 37 415 147 306 75 191 228 477 109 71 490 233 476 77 59 476 37 314 165 395 380 467 316 71 212 359 441 189 45 465 12 16 345 187 334 -1 81 138 350
493 130 480 234 48 313 37 505 28 232 120 373 22 149 444 313 204 -1 380 187 504 471 318 481 435 317 441 329 58 209 361 232 160 502 444 359 406 258 465 130 258 11 52 201 0 47 378 13 490 0
-1 440 458 395 0 318 430 137 39 191 204 437 187 345 450 58 398 -1 0 453 218 85 230 24 100 275 147 39 -1 245 86 0 198 16 414 265 286 90 16 385 385 131 306 475 5 161 -1 229 -1 0
440 218 306 191 140 272 495 323 357 48 140 22 251 140 39 476 0 426 370 117 86 457 366 480 265 492 91 344 402 370 128 13 41 307 247 497 440 308 179 82 35 250 203 488 0 457 167 75 394 106
441 439 103 120 294 376 485 472 35 112 35 260 487 258 301 74 349 395 431 427 209 440 -1 126 149 378 272 90 161 -1 191 165 321 385 41 80 187 112 296 293 127 485 473 243 149 368 383 72 396 77
448 175 470 336 0 475 488 119 132 408 149 444 0 154 186 98 78 241 161 84 187 211 417 368 68 217 -1 249 438 261 173 388 409 76 481 206 423 147 186 0 400 80 79 80 345 130 97 270 224 425
386 357 0 451 64 190 16 415 360 -1 387 21 425 496 149 487 500 498 149 291 85 409 0 426 91 368 18 480 335 380 0 485 285 480 417 425 276 0 488 265 344 98 204 145 120 388 134 362 4 272
78 349 236 346 111 354 140 327 106 226 161 97 10 336 385 368 210 323 3 87 19 0 90 448 448 -1 485 357 266 379 398 451 240 490 67 114 112 463 335 256 299 335 355 143 0 203 140 481 0 144
321 374 191 434 417 385 0 285 368 191 348 -1 13 472 163 218 0 402 91 189 426 203 238 492 182 282 161 112 187 71 404 95 -1 152 0 283 3 6 326 420 145 -1 410 0 68 472 0 0 342 125
312 348 154 106 191 344 166 106 65 165 127 152 385 438 260 455 -1 83 441 386 315 28 185 71 259 385 37 63 141 330 386 33 304 -1 425 117 111 341 33 487 327 -1 282 283 263 149 0 388 457 376
2 25 9 262 11 155 493 334 296 149 0 70 9 375 210 11 199 335 191 389 -1 120 102 313 391 88 383 298 251 335 466 309 187 -1 149 204 0 -1 325 380 112 -1 90 40 493 395 67 0 415 330
415 163 369 383 0 13 22 187 476 298 481 -1 -1 267 109 -1 481 346 395 415 0 96 14 488 -1 51 33 444 191 155 140 330 208 366 277 481 208 120 269 273 492 58 45 276 2 269 411 415 140 446
286 277 226 191 472 328 339 104 280 290 -1 313 426 384 10 348 233 131 180 265 495 0 241 -1 463 -1 457 370 0 187 161 364 177 236 350 461 461 353 213 157 0 481 236 397 293 412 339 181 -1 387
380 265 102 451 409 0 293 147 130 11 465 169 417 220 30 32 80 0 51 382 263 0 111 286 119 496 286 457 395 416 356 26 41 440 492 226 327 190 383 24 481 -1 384 381 160 468 16 389 -1 355
-1 226 264 238 159 411 444 23 20 159 270 448 16 468 272 0 38 246 476 373 430 116 52 0 -1 286 394 218 395 459 41 260 147 444 0 344 442 460 95 274 236 394 -1 67 -1 -1 163 0 0 492
67 20 235 76 -1 324 60 389 492 223 356 226 485 444 144 227 264 353 0 140 107 186 136 385 169 47 363 476 -1 217 366 7 321 191 65 126 216 30 211 269 0 -1 483 467 366 276 475 263 467 232
481 168 91 451 296 117 47 267 471 35 295 335 182 409 144 366 481 -1 349 160 204 327 232 404 -1 51 140 368 477 119 47 161 313 76 488 321 50 178 114 220 451 502 161 217 0 178 170 252 401 206
81 161 111 217 418 334 258 351 32 432 70 395 266 101 334 506 -1 429 207 206 310 418 313 145 417 352 332 171 216 14 328 90 314 -1 444 452 284 391 29 441 481 41 245 58 285 457 -1 69 112 344
187 221 477 98 269 355 13 433 85 398 208 36 481 370 330 224 313 444 357 18 41 265 90 340 85 281 376 191 397 0 226 486 209 226 464 492 107 272 76 130 437 160 273 299 149 447 35 464 436 506
328 180 307 45 90 417 102 206 -1 226 109 161 -1 451 469 485 209 201 0 385 40 380 166 90 80 417 303 449 484 87 90 0 47 89 265 241 129 502 0 236 417 339 483 354 35 64 490 31 468 149
402 309 144 -1 439 80 73 428 52 296 187 407 47 258 398 254 480 480 362 268 344 380 294 87 38 480 288 130 315 468 461 370 468 84 454 -1 367 47 112 114 207 2 214 408 335 371 88 163 488 388
252 51 90 459 290 91 442 258 457 392 46 246 127 213 242 66 -1 226 67 287 80 427 163 432 273 132 468 236 41 345 0 288 61 185 31 119 0 241 204 400 275 8 481 -1 486 187 441 468 90 353
328 495 190 120 0 465 169 285 441 488 16 112 386 450 87 144 105 138 90 159 235 380 368 22 37 394 488 415 442 45 191 492 55 173 381 118 111 258 197 332 99 214 59 283 387 248 12 370 404 153
